Nb de periode :    41
 0.1000
  0.386803E-01 -0.196362E-01  0.705582E+01  0.116652E+02 -0.236970E+02 -0.118802E+00
 -0.194576E-01  0.380404E-01 -0.463440E+01 -0.755056E+01  0.155418E+02  0.170117E+00
  0.778866E-02 -0.636148E-02  0.134529E+03  0.224165E+03 -0.448495E+03 -0.346775E-01
 -0.798492E-01  0.159708E+00  0.194898E+03  0.325528E+03 -0.649318E+03  0.710482E+00
 -0.200790E+00  0.115027E+00 -0.504570E+03 -0.840329E+03  0.168293E+04  0.666908E+00
 -0.118550E+00  0.172084E+00 -0.224394E+02 -0.366095E+02  0.753571E+02  0.801857E+00
 0.1475
  0.585120E+00 -0.297410E+00  0.220799E+02  0.353868E+02 -0.762518E+02 -0.179198E+01
 -0.297995E+00  0.580512E+00 -0.145304E+02 -0.215963E+02  0.498512E+02  0.259574E+01
  0.482206E-01 -0.388651E-01  0.418740E+03  0.697583E+03 -0.139622E+04 -0.206551E+00
 -0.132793E+01  0.252479E+01  0.606142E+03  0.102142E+04 -0.201449E+04  0.113174E+02
 -0.278569E+01  0.153952E+01 -0.157118E+04 -0.261089E+04  0.525060E+04  0.903738E+01
 -0.178742E+01  0.260267E+01 -0.703662E+02 -0.105455E+03  0.242908E+03  0.121066E+02
 0.1950
  0.408632E+01 -0.208062E+01  0.492547E+02  0.722602E+02 -0.182625E+03 -0.125414E+02
 -0.208546E+01  0.405794E+01 -0.324907E+02 -0.358799E+02  0.118158E+03  0.181587E+02
  0.158678E+00 -0.126177E+00  0.927409E+03  0.154457E+04 -0.309284E+04 -0.668365E+00
 -0.954894E+01  0.178373E+02  0.134095E+04  0.231444E+04 -0.442604E+04  0.802186E+02
 -0.187799E+02  0.102187E+02 -0.348169E+04 -0.575288E+04  0.116931E+05  0.602258E+02
 -0.124835E+02  0.181844E+02 -0.157405E+03 -0.180014E+03  0.582748E+03  0.847773E+02
 0.2425
  0.185141E+02 -0.945115E+01  0.905380E+02  0.106458E+03 -0.385030E+03 -0.569084E+02
 -0.947873E+01  0.183951E+02 -0.598947E+02 -0.172650E+02  0.244238E+03  0.823441E+02
  0.337990E+00 -0.258957E+00  0.168943E+04  0.281305E+04 -0.563509E+04 -0.138467E+01
 -0.438617E+02  0.811550E+02  0.243935E+04  0.442775E+04 -0.792886E+04  0.365445E+03
 -0.835416E+02  0.451496E+02 -0.634683E+04 -0.103612E+05  0.215396E+05  0.266622E+03
 -0.566803E+02  0.824943E+02 -0.290282E+03 -0.111495E+03  0.123015E+04  0.384524E+03
 0.2900
  0.637295E+02 -0.326677E+02  0.146451E+03  0.913496E+02 -0.773400E+03 -0.196364E+03
 -0.327638E+02  0.633405E+02 -0.972006E+02  0.121050E+03  0.477216E+03  0.283735E+03
  0.452805E+00 -0.307327E+00  0.270381E+04  0.450156E+04 -0.901960E+04 -0.171646E+01
 -0.152108E+03  0.279468E+03  0.389758E+04  0.774054E+04 -0.122905E+05  0.125988E+04
 -0.284140E+03  0.153370E+03 -0.101659E+05 -0.162165E+05  0.351764E+05  0.905987E+03
 -0.195638E+03  0.284187E+03 -0.471325E+03  0.491333E+03  0.247256E+04  0.132532E+04
 0.3375
  0.180759E+03 -0.931153E+02  0.215957E+03 -0.730679E+02 -0.152545E+04 -0.558617E+03
 -0.934012E+02  0.179701E+03 -0.143796E+03  0.560092E+03  0.913758E+03  0.805621E+03
  0.924683E-01  0.105606E+00  0.394067E+04  0.656162E+04 -0.131455E+05  0.238831E+00
 -0.433312E+03  0.791353E+03  0.567033E+04  0.129650E+05 -0.169069E+05  0.357114E+04
 -0.798689E+03  0.431586E+03 -0.148298E+05 -0.226916E+05  0.530286E+05  0.254760E+04
 -0.556795E+03  0.806878E+03 -0.697668E+03  0.244742E+04  0.487868E+04  0.376412E+04
 0.3850
  0.444825E+03 -0.230583E+03  0.296583E+03 -0.571403E+03 -0.296160E+04 -0.137993E+04
 -0.231279E+03  0.442297E+03 -0.198087E+03  0.162909E+04  0.172955E+04  0.198470E+04
 -0.158855E+01  0.174382E+01  0.534454E+04  0.890382E+04 -0.178248E+05  0.847229E+01
 -0.106950E+04  0.194153E+04  0.767588E+04  0.213822E+05 -0.206827E+05  0.876992E+04
 -0.195021E+04  0.105711E+04 -0.201326E+05 -0.286401E+05  0.758242E+05  0.623167E+04
 -0.137555E+04  0.198777E+04 -0.961703E+03  0.724804E+04  0.947813E+04  0.927907E+04
 0.4325
  0.981163E+03 -0.512314E+03  0.384636E+03 -0.171128E+04 -0.561162E+04 -0.305740E+04
 -0.513824E+03  0.975736E+03 -0.257604E+03  0.387088E+04  0.321875E+04  0.438319E+04
 -0.610437E+01  0.596854E+01  0.684053E+04  0.114091E+05 -0.228014E+05  0.297717E+02
 -0.236436E+04  0.426489E+04  0.980551E+04  0.351247E+05 -0.218981E+05  0.192848E+05
 -0.427055E+04  0.232561E+04 -0.257943E+05 -0.322714E+05  0.104933E+06  0.136845E+05
 -0.304796E+04  0.438991E+04 -0.125161E+04  0.173587E+05  0.179875E+05  0.205078E+05
 0.4800
  0.198618E+04 -0.104634E+04  0.474559E+03 -0.397809E+04 -0.102952E+05 -0.622336E+04
 -0.104934E+04  0.197550E+04 -0.318263E+03  0.812564E+04  0.584531E+04  0.888660E+04
 -0.157910E+02  0.148642E+02  0.834044E+04  0.139394E+05 -0.277716E+05  0.749535E+02
 -0.479747E+04  0.858986E+04  0.119357E+05  0.575176E+05 -0.180325E+05  0.388900E+05
 -0.858303E+04  0.470442E+04 -0.314805E+05 -0.309730E+05  0.142753E+06  0.276126E+05
 -0.620473E+04  0.889975E+04 -0.154758E+04  0.366074E+05  0.330934E+05  0.416164E+05
 0.5275
  0.374991E+04 -0.199624E+04  0.560701E+03 -0.808503E+04 -0.182074E+05 -0.118252E+05
 -0.200177E+04  0.373022E+04 -0.375976E+03  0.156073E+05  0.103014E+05  0.168080E+05
 -0.339822E+02  0.314315E+02  0.975736E+04  0.163626E+05 -0.324313E+05  0.159326E+03
 -0.908141E+04  0.161221E+05  0.139464E+05  0.933986E+05 -0.562828E+04  0.731003E+05
 -0.160851E+05  0.888851E+04 -0.368590E+05 -0.212106E+05  0.193186E+06  0.520049E+05
 -0.117919E+05  0.168316E+05 -0.182968E+04  0.705449E+05  0.587657E+05  0.788013E+05
 0.5750
  0.667589E+04 -0.359540E+04  0.636461E+03 -0.150394E+05 -0.309997E+05 -0.212057E+05
 -0.360496E+04  0.664172E+04 -0.425608E+03  0.279889E+05  0.175685E+05  0.299806E+05
 -0.651045E+02  0.596302E+02  0.110090E+05  0.185588E+05 -0.364870E+05  0.303104E+03
 -0.162112E+05  0.285093E+05  0.157282E+05  0.149406E+06  0.199160E+05  0.129471E+06
 -0.284148E+05  0.158499E+05 -0.416112E+05  0.168215E+04  0.261949E+06  0.924095E+05
 -0.211476E+05  0.300219E+05 -0.207286E+04  0.126850E+06  0.100585E+06  0.140731E+06
 0.6225
  0.113249E+05 -0.618155E+04  0.693546E+03 -0.262457E+05 -0.509040E+05 -0.362753E+05
 -0.619721E+04  0.112685E+05 -0.460213E+03  0.475299E+05  0.290175E+05  0.509747E+05
 -0.114854E+03  0.104611E+03  0.120211E+05  0.204255E+05 -0.396678E+05  0.532718E+03
 -0.275943E+05  0.480009E+05  0.171917E+05  0.234418E+06  0.646707E+05  0.218404E+06
 -0.478074E+05  0.269676E+05 -0.454394E+05  0.438544E+05  0.357028E+06  0.156566E+06
 -0.361831E+05  0.510395E+05 -0.224289E+04  0.215955E+06  0.166258E+06  0.239636E+06
 0.6700
  0.184295E+05 -0.102107E+05  0.725982E+03 -0.435699E+05 -0.808122E+05 -0.595881E+05
 -0.102351E+05  0.183403E+05 -0.474977E+03  0.771372E+05  0.464913E+05  0.831645E+05
 -0.190086E+03  0.172630E+03  0.127522E+05  0.219190E+05 -0.418070E+05  0.879637E+03
 -0.450811E+05  0.774685E+05  0.182931E+05  0.359735E+06  0.136278E+06  0.353238E+06
 -0.771183E+05  0.440573E+05 -0.481689E+05  0.112947E+06  0.489150E+06  0.254579E+06
 -0.594413E+05  0.832668E+05 -0.231575E+04  0.351388E+06  0.265984E+06  0.391635E+06
 0.7175
  0.289206E+05 -0.162867E+05  0.725530E+03 -0.693960E+05 -0.124271E+06 -0.944787E+05
 -0.163231E+05  0.287847E+05 -0.462308E+03  0.120381E+06  0.723391E+05  0.130871E+06
 -0.298479E+03  0.270705E+03  0.131613E+05  0.229989E+05 -0.427382E+05  0.138021E+04
 -0.710482E+05  0.120461E+06  0.189965E+05  0.538803E+06  0.244117E+06  0.550574E+06
 -0.119878E+06  0.694573E+05 -0.496236E+05  0.218360E+06  0.671177E+06  0.399280E+06
 -0.942550E+05  0.131025E+06 -0.225380E+04  0.549834E+06  0.412643E+06  0.617402E+06
 0.7650
  0.439511E+05 -0.251873E+05  0.683091E+03 -0.106721E+06 -0.185584E+06 -0.145182E+06
 -0.252395E+05  0.437516E+05 -0.413965E+03  0.181594E+06  0.109519E+06  0.199496E+06
 -0.448725E+03  0.407001E+03  0.132405E+05  0.236818E+05 -0.424015E+05  0.207511E+04
 -0.108475E+06  0.181265E+06  0.193202E+05  0.787637E+06  0.399447E+06  0.830640E+06
 -0.180351E+06  0.106106E+06 -0.497378E+05  0.371357E+06  0.918792E+06  0.606558E+06
 -0.144867E+06  0.199704E+06 -0.201530E+04  0.831691E+06  0.622277E+06  0.943082E+06
 0.8125
  0.649156E+05 -0.379018E+05  0.598682E+03 -0.159130E+06 -0.269699E+06 -0.216984E+06
 -0.379735E+05  0.646318E+05 -0.328694E+03  0.265710E+06  0.161614E+06  0.295649E+06
 -0.648523E+03  0.588741E+03  0.130761E+05  0.241342E+05 -0.410619E+05  0.300144E+04
 -0.160989E+06  0.264858E+06  0.194107E+05  0.112378E+07  0.614682E+06  0.121721E+07
 -0.263493E+06  0.157597E+06 -0.488107E+05  0.584244E+06  0.125025E+07  0.895487E+06
 -0.216545E+06  0.295927E+06 -0.159391E+04  0.122057E+07  0.913821E+06  0.140082E+07
 0.8600
  0.932002E+05 -0.554323E+05  0.456931E+03 -0.230259E+06 -0.381398E+06 -0.315211E+06
 -0.555279E+05  0.928089E+05 -0.193757E+03  0.377571E+06  0.232197E+06  0.425930E+06
 -0.906021E+03  0.823801E+03  0.124878E+05  0.240857E+05 -0.380854E+05  0.419816E+04
 -0.232040E+06  0.375862E+06  0.190146E+05  0.156252E+07  0.902872E+06  0.173247E+07
 -0.373906E+06  0.227342E+06 -0.461702E+05  0.870182E+06  0.167894E+07  0.128403E+07
 -0.314565E+06  0.426342E+06 -0.926086E+03  0.173991E+07  0.130588E+07  0.202305E+07
 0.9075
  0.130436E+06 -0.790261E+05  0.263596E+03 -0.323877E+06 -0.525484E+06 -0.446321E+06
 -0.791485E+05  0.129913E+06 -0.104536E+02  0.521956E+06  0.325044E+06  0.598264E+06
 -0.122277E+04  0.111443E+04  0.117966E+05  0.240605E+05 -0.345584E+05  0.567568E+04
 -0.325689E+06  0.519429E+06  0.186453E+05  0.211862E+07  0.127364E+07  0.240170E+07
 -0.516738E+06  0.319404E+06 -0.429503E+05  0.123873E+07  0.222261E+07  0.179299E+07
 -0.445472E+06  0.598778E+06 -0.174586E+02  0.241280E+07  0.181814E+07  0.284845E+07
 0.9550
  0.177684E+06 -0.109492E+06  0.172896E+02 -0.442471E+06 -0.705034E+06 -0.614484E+06
 -0.109643E+06  0.177007E+06  0.220558E+03  0.701954E+06  0.442645E+06  0.817825E+06
 -0.159760E+04  0.145920E+04  0.108822E+05  0.238523E+05 -0.300837E+05  0.742800E+04
 -0.443980E+06  0.698077E+06  0.180887E+05  0.279763E+07  0.173330E+07  0.323742E+07
 -0.694502E+06  0.435841E+06 -0.387546E+05  0.169618E+07  0.288581E+07  0.243266E+07
 -0.613368E+06  0.818477E+06  0.112994E+04  0.325478E+07  0.246290E+07  0.390342E+07
 1.0025
  0.235631E+06 -0.147386E+06 -0.278783E+03 -0.586471E+06 -0.920387E+06 -0.822410E+06
 -0.147565E+06  0.234784E+06  0.497160E+03  0.917924E+06  0.585424E+06  0.108815E+07
 -0.201905E+04  0.184883E+04  0.972694E+04  0.233763E+05 -0.246666E+05  0.940492E+04
 -0.587617E+06  0.912563E+06  0.173000E+05  0.359410E+07  0.227815E+07  0.424410E+07
 -0.907975E+06  0.577424E+06 -0.335387E+05  0.223915E+07  0.366315E+07  0.320619E+07
 -0.820958E+06  0.108898E+07  0.250403E+04  0.426847E+07  0.324157E+07  0.520676E+07
 1.0500
  0.304021E+06 -0.192498E+06 -0.595207E+03 -0.752901E+06 -0.116771E+07 -0.106837E+07
 -0.192701E+06  0.302995E+06  0.794068E+03  0.116592E+07  0.750530E+06  0.140868E+07
 -0.246511E+04  0.226236E+04  0.873261E+04  0.231995E+05 -0.197569E+05  0.114996E+05
 -0.753794E+06  0.115921E+07  0.168285E+05  0.448435E+07  0.288788E+07  0.540656E+07
 -0.115355E+07  0.741465E+06 -0.288155E+05  0.284719E+07  0.453541E+07  0.409695E+07
 -0.106658E+07  0.140965E+07  0.398054E+04  0.543716E+07  0.413686E+07  0.675748E+07
 1.0975
  0.379795E+06 -0.242254E+06 -0.916390E+03 -0.931259E+06 -0.143429E+07 -0.133900E+07
 -0.242476E+06  0.378599E+06  0.109477E+04  0.143325E+07  0.927530E+06  0.176469E+07
 -0.289648E+04  0.266187E+04  0.765740E+04  0.227923E+05 -0.146768E+05  0.135275E+05
 -0.931193E+06  0.142433E+07  0.162033E+05  0.541248E+07  0.351965E+07  0.665862E+07
 -0.141764E+07  0.916835E+06 -0.238352E+05  0.347777E+07  0.544522E+07  0.504699E+07
 -0.133668E+07  0.176597E+07  0.548006E+04  0.670024E+07  0.509381E+07  0.848493E+07
 1.1450
  0.459933E+06 -0.294075E+06 -0.123562E+04 -0.111024E+07 -0.170665E+07 -0.162020E+07
 -0.294306E+06  0.458587E+06  0.139240E+04  0.170642E+07  0.110513E+07  0.214235E+07
 -0.327537E+04  0.301464E+04  0.632424E+04  0.217223E+05 -0.899215E+04  0.153109E+05
 -0.110901E+07  0.169524E+07  0.151000E+05  0.632468E+07  0.412896E+07  0.794131E+07
 -0.168768E+07  0.109291E+07 -0.180149E+05  0.408708E+07  0.633788E+07  0.599876E+07
 -0.161749E+07  0.214380E+07  0.696219E+04  0.799386E+07  0.605264E+07  0.103282E+08
 1.1925
  0.538279E+06 -0.342728E+06 -0.148342E+04 -0.126841E+07 -0.195939E+07 -0.188432E+07
 -0.342959E+06  0.536830E+06  0.161664E+04  0.195985E+07  0.126220E+07  0.251252E+07
 -0.354780E+04  0.326404E+04  0.532733E+04  0.207566E+05 -0.490285E+04  0.165733E+05
 -0.126665E+07  0.194731E+07  0.142358E+05  0.712353E+07  0.463141E+07  0.913737E+07
 -0.193917E+07  0.124935E+07 -0.136557E+05  0.459042E+07  0.712270E+07  0.684475E+07
 -0.188117E+07  0.251421E+07  0.808046E+04  0.919678E+07  0.690106E+07  0.121418E+08
 1.2400
  0.610144E+06 -0.384406E+06 -0.163393E+04 -0.139394E+07 -0.217755E+07 -0.211076E+07
 -0.384629E+06  0.608632E+06  0.175802E+04  0.217842E+07  0.138702E+07  0.285330E+07
 -0.368339E+04  0.338900E+04  0.487044E+04  0.202055E+05 -0.315270E+04  0.171961E+05
 -0.139146E+07  0.216436E+07  0.139257E+05  0.775901E+07  0.498913E+07  0.101712E+08
 -0.215607E+07  0.137361E+07 -0.115443E+05  0.494979E+07  0.775230E+07  0.751689E+07
 -0.210729E+07  0.285515E+07  0.878148E+04  0.102382E+08  0.757581E+07  0.138304E+08
 1.2875
  0.668282E+06 -0.413323E+06 -0.172696E+04 -0.146680E+07 -0.233507E+07 -0.226902E+07
 -0.413533E+06  0.666760E+06  0.182780E+04  0.233630E+07  0.145945E+07  0.313012E+07
 -0.369063E+04  0.338597E+04  0.361430E+04  0.178576E+05  0.807655E+03  0.171840E+05
 -0.146373E+07  0.232114E+07  0.120242E+05  0.814100E+07  0.514400E+07  0.109220E+08
 -0.231306E+07  0.144595E+07 -0.693098E+04  0.510749E+07  0.812373E+07  0.791125E+07
 -0.226520E+07  0.313223E+07  0.913129E+04  0.109950E+08  0.797026E+07  0.152264E+08
 1.3350
  0.712406E+06 -0.429504E+06 -0.170830E+04 -0.149173E+07 -0.243723E+07 -0.235773E+07
 -0.429698E+06  0.710918E+06  0.179299E+04  0.243845E+07  0.148444E+07  0.334300E+07
 -0.353377E+04  0.323199E+04  0.266380E+04  0.155006E+05  0.318065E+04  0.164044E+05
 -0.148760E+07  0.242174E+07  0.102556E+05  0.831053E+07  0.512185E+07  0.114135E+08
 -0.241439E+07  0.147062E+07 -0.376264E+04  0.508889E+07  0.828889E+07  0.804567E+07
 -0.235364E+07  0.334538E+07  0.896228E+04  0.114950E+08  0.810603E+07  0.163427E+08
 1.3825
  0.740212E+06 -0.431834E+06 -0.160517E+04 -0.146471E+07 -0.247464E+07 -0.236970E+07
 -0.432011E+06  0.738795E+06  0.167604E+04  0.247566E+07  0.145783E+07  0.348202E+07
 -0.325837E+04  0.296639E+04  0.214448E+04  0.134638E+05  0.368503E+04  0.150525E+05
 -0.146065E+07  0.245914E+07  0.890866E+04  0.824360E+07  0.491406E+07  0.116151E+08
 -0.245285E+07  0.144502E+07 -0.237521E+04  0.488520E+07  0.822373E+07  0.790252E+07
 -0.236557E+07  0.348450E+07  0.837724E+04  0.116964E+08  0.795809E+07  0.171411E+08
 1.4300
  0.754141E+06 -0.423066E+06 -0.143005E+04 -0.140109E+07 -0.246299E+07 -0.231796E+07
 -0.423227E+06  0.752812E+06  0.149600E+04  0.246354E+07  0.139494E+07  0.355999E+07
 -0.290382E+04  0.263014E+04  0.212580E+04  0.120818E+05  0.230826E+04  0.133416E+05
 -0.139658E+07  0.244638E+07  0.819683E+04  0.800562E+07  0.458608E+07  0.115934E+08
 -0.244140E+07  0.138263E+07 -0.293230E+04  0.456115E+07  0.799341E+07  0.754807E+07
 -0.231379E+07  0.356262E+07  0.748354E+04  0.116787E+08  0.760136E+07  0.176948E+08
 1.4775
  0.752568E+06 -0.403290E+06 -0.124758E+04 -0.130152E+07 -0.239602E+07 -0.220254E+07
 -0.403437E+06  0.751339E+06  0.130114E+04  0.239611E+07  0.129615E+07  0.356918E+07
 -0.253394E+04  0.227663E+04  0.137610E+04  0.949155E+04  0.340596E+04  0.115510E+05
 -0.129708E+07  0.237907E+07  0.625107E+04  0.758144E+07  0.415372E+07  0.113263E+08
 -0.237539E+07  0.128486E+07 -0.100461E+04  0.413253E+07  0.757021E+07  0.698943E+07
 -0.219859E+07  0.357175E+07  0.651695E+04  0.114113E+08  0.703837E+07  0.179757E+08
 1.5250
  0.742828E+06 -0.378313E+06 -0.102641E+04 -0.119122E+07 -0.230851E+07 -0.205360E+07
 -0.378447E+06  0.741704E+06  0.106785E+04  0.230798E+07  0.118683E+07  0.354509E+07
 -0.209551E+04  0.186402E+04  0.820555E+03  0.712042E+04  0.372164E+04  0.946481E+04
 -0.118652E+07  0.229113E+07  0.454253E+04  0.711667E+07  0.370880E+07  0.109755E+08
 -0.228896E+07  0.117636E+07  0.169399E+03  0.369150E+07  0.710883E+07  0.635736E+07
 -0.204968E+07  0.354782E+07  0.536533E+04  0.110614E+08  0.640183E+07  0.181660E+08
 1.5725
  0.722360E+06 -0.348226E+06 -0.802487E+03 -0.106551E+07 -0.218382E+07 -0.187174E+07
 -0.348347E+06  0.721350E+06  0.840214E+03  0.218272E+07  0.106207E+07  0.347479E+07
 -0.167702E+04  0.148081E+04  0.553461E+03  0.533773E+04  0.314899E+04  0.750240E+04
 -0.106188E+07  0.216807E+07  0.334686E+04  0.654760E+07  0.322658E+07  0.104679E+08
 -0.216720E+07  0.105363E+07  0.364219E+03  0.321280E+07  0.654481E+07  0.563557E+07
 -0.186824E+07  0.347731E+07  0.423039E+04  0.105434E+08  0.567059E+07  0.182014E+08
 1.6200
  0.697675E+06 -0.318053E+06 -0.598240E+03 -0.945346E+06 -0.205061E+07 -0.168380E+07
 -0.318162E+06  0.696772E+06  0.633069E+03  0.204905E+07  0.942767E+06  0.338903E+07
 -0.130975E+04  0.114199E+04  0.558016E+03  0.416257E+04  0.184144E+04  0.578036E+04
 -0.942008E+06  0.203505E+07  0.268702E+04  0.596749E+07  0.277638E+07  0.992349E+07
 -0.203527E+07  0.935459E+06 -0.289676E+03  0.276574E+07  0.597080E+07  0.492359E+07
 -0.168125E+07  0.339080E+07  0.320791E+04  0.999411E+07  0.495581E+07  0.182559E+08
 1.6675
  0.667944E+06 -0.287923E+06 -0.409031E+03 -0.832058E+06 -0.191066E+07 -0.149622E+07
 -0.288019E+06  0.667144E+06  0.436080E+03  0.190867E+07  0.830308E+06  0.327788E+07
 -0.961292E+03  0.816015E+03  0.652848E+03  0.327221E+04  0.392868E+03  0.413758E+04
 -0.828410E+06  0.189496E+07  0.224882E+04  0.540266E+07  0.237064E+07  0.933607E+07
 -0.189615E+07  0.823529E+06 -0.117045E+04  0.236280E+07  0.541182E+07  0.425048E+07
 -0.149354E+07  0.327994E+07  0.223707E+04  0.940788E+07  0.427848E+07  0.182178E+08
 1.7150
  0.632460E+06 -0.258764E+06 -0.260998E+03 -0.724198E+06 -0.175392E+07 -0.131581E+07
 -0.258848E+06  0.631753E+06  0.281506E+03  0.175166E+07  0.723107E+06  0.313560E+07
 -0.702389E+03  0.578383E+03  0.319740E+03  0.197686E+04  0.701488E+03  0.292984E+04
 -0.720839E+06  0.173866E+07  0.124579E+04  0.479492E+07  0.199597E+07  0.865686E+07
 -0.174044E+07  0.717192E+06 -0.459010E+03  0.199002E+07  0.480437E+07  0.361618E+07
 -0.131266E+07  0.313828E+07  0.146803E+04  0.872783E+07  0.363809E+07  0.180656E+08
 1.7625
  0.596972E+06 -0.233530E+06 -0.131783E+03 -0.634893E+06 -0.160972E+07 -0.116076E+07
 -0.233601E+06  0.596362E+06  0.148608E+03  0.160730E+07  0.634368E+06  0.298758E+07
 -0.456398E+03  0.360550E+03  0.150287E+03  0.110111E+04  0.595177E+03  0.181997E+04
 -0.631410E+06  0.159509E+07  0.608817E+03  0.426092E+07  0.169375E+07  0.802003E+07
 -0.159732E+07  0.628942E+06 -0.218529E+03  0.168943E+07  0.427088E+07  0.309380E+07
 -0.115783E+07  0.299017E+07  0.808656E+03  0.808874E+07  0.311226E+07  0.178904E+08
 1.8100
  0.557859E+06 -0.210475E+06 -0.371975E+02 -0.552490E+06 -0.145495E+07 -0.102444E+07
 -0.210533E+06  0.557346E+06  0.494340E+02  0.145257E+07  0.552387E+06  0.281364E+07
 -0.269053E+03  0.196175E+03  0.108298E+03  0.581149E+03  0.217163E+03  0.985416E+03
 -0.549727E+06  0.144243E+07  0.281863E+03  0.372155E+07  0.142165E+07  0.731092E+07
 -0.144483E+07  0.548186E+06 -0.313185E+03  0.141872E+07  0.373192E+07  0.263590E+07
 -0.102179E+07  0.281604E+07  0.317964E+03  0.736927E+07  0.264877E+07  0.175550E+08
 1.8575
  0.520418E+06 -0.191341E+06  0.314609E+02 -0.485104E+06 -0.131325E+07 -0.915803E+06
 -0.191388E+06  0.519992E+06 -0.224438E+02  0.131099E+07  0.485305E+06  0.263993E+07
 -0.123849E+03  0.704639E+02  0.165210E+03  0.276905E+03 -0.436623E+03  0.342303E+03
 -0.482493E+06  0.130168E+07  0.194076E+03  0.324196E+07  0.119841E+07  0.663863E+07
 -0.130412E+07  0.481687E+06 -0.675776E+03  0.119697E+07  0.325315E+07  0.227222E+07
 -0.913137E+06  0.264242E+07 -0.419522E+02  0.669367E+07  0.228182E+07  0.171975E+08
 1.9050
  0.483784E+06 -0.175079E+06  0.749886E+02 -0.429664E+06 -0.118323E+07 -0.831247E+06
 -0.175116E+06  0.483436E+06 -0.689842E+02  0.118117E+07  0.430057E+06  0.246048E+07
 -0.253846E+02 -0.135285E+02  0.183432E+03  0.835651E+02 -0.763094E+03 -0.840710E+02
 -0.427001E+06  0.117259E+07  0.119232E+03  0.282088E+07  0.101979E+07  0.599825E+07
 -0.117491E+07  0.426710E+06 -0.833402E+03  0.101926E+07  0.283162E+07  0.199260E+07
 -0.828518E+06  0.246310E+07 -0.275576E+03  0.605124E+07  0.199954E+07  0.167575E+08
 1.9525
  0.446486E+06 -0.160236E+06  0.983251E+02 -0.378494E+06 -0.105270E+07 -0.761108E+06
 -0.160266E+06  0.446202E+06 -0.958164E+02  0.105086E+07  0.379009E+06  0.227032E+07
  0.290429E+02 -0.605627E+02  0.933405E+02 -0.150458E+03 -0.556061E+03 -0.316655E+03
 -0.376178E+06  0.104291E+07 -0.747984E+02  0.240165E+07  0.857426E+06  0.533867E+07
 -0.104502E+07  0.376194E+06 -0.561694E+03  0.857230E+06  0.241052E+07  0.175162E+07
 -0.758298E+06  0.227307E+07 -0.412127E+03  0.538812E+07  0.175651E+07  0.161893E+08
 2.0000
  0.412527E+06 -0.147963E+06  0.109343E+03 -0.337596E+06 -0.940511E+06 -0.708167E+06
 -0.147985E+06  0.412300E+06 -0.108804E+03  0.938910E+06  0.338162E+06  0.209246E+07
  0.665177E+02 -0.873949E+02  0.101383E+03 -0.193088E+03 -0.667508E+03 -0.458799E+03
 -0.335589E+06  0.932340E+06 -0.767375E+02  0.207206E+07  0.735586E+06  0.476193E+07
 -0.934207E+06  0.335818E+06 -0.595537E+03  0.735778E+06  0.207990E+07  0.157405E+07
 -0.705860E+06  0.209474E+07 -0.479947E+03  0.480408E+07  0.157707E+07  0.156509E+08
