Nb de periode :    41
 0.1000
  0.663939E+06 -0.317408E+06  0.126188E+04 -0.144954E+07 -0.300309E+07 -0.166328E+07
 -0.317665E+06  0.661833E+06 -0.174784E+03  0.298358E+07  0.145375E+07  0.322799E+07
 -0.310808E+04  0.255140E+04  0.136535E+06  0.246766E+06 -0.430258E+06  0.133948E+05
 -0.145542E+07  0.297393E+07  0.228164E+06  0.165745E+08  0.693880E+07  0.145921E+08
 -0.297673E+07  0.144064E+07 -0.463489E+06  0.681655E+07  0.177449E+08  0.743929E+07
 -0.165790E+07  0.323195E+07 -0.837648E+03  0.146411E+08  0.749050E+07  0.225655E+08
 0.1475
  0.668736E+06 -0.319916E+06  0.129943E+04 -0.146040E+07 -0.302354E+07 -0.167737E+07
 -0.320174E+06  0.666619E+06 -0.200303E+03  0.300382E+07  0.146477E+07  0.325037E+07
 -0.312939E+04  0.256851E+04  0.137412E+06  0.248296E+06 -0.433097E+06  0.134839E+05
 -0.146592E+07  0.299342E+07  0.229458E+06  0.166462E+08  0.697361E+07  0.146846E+08
 -0.299620E+07  0.145103E+07 -0.466729E+06  0.684989E+07  0.178251E+08  0.749617E+07
 -0.167190E+07  0.325441E+07 -0.960788E+03  0.147382E+08  0.754959E+07  0.226911E+08
 0.1950
  0.673029E+06 -0.322306E+06  0.132454E+04 -0.146755E+07 -0.303625E+07 -0.168954E+07
 -0.322566E+06  0.670904E+06 -0.212636E+03  0.301639E+07  0.147201E+07  0.327157E+07
 -0.315191E+04  0.259225E+04  0.137901E+06  0.249191E+06 -0.434656E+06  0.135973E+05
 -0.147400E+07  0.300725E+07  0.230183E+06  0.166888E+08  0.699623E+07  0.147525E+08
 -0.300997E+07  0.145899E+07 -0.468565E+06  0.687145E+07  0.178725E+08  0.753718E+07
 -0.168414E+07  0.327553E+07 -0.102781E+04  0.147988E+08  0.758794E+07  0.228215E+08
 0.2425
  0.676491E+06 -0.324252E+06  0.132124E+04 -0.147485E+07 -0.304879E+07 -0.170026E+07
 -0.324514E+06  0.674356E+06 -0.210393E+03  0.302890E+07  0.147931E+07  0.328784E+07
 -0.317186E+04  0.260999E+04  0.137734E+06  0.248968E+06 -0.434037E+06  0.136882E+05
 -0.148128E+07  0.301986E+07  0.229905E+06  0.167359E+08  0.702551E+07  0.148113E+08
 -0.302254E+07  0.146618E+07 -0.468001E+06  0.690042E+07  0.179182E+08  0.757740E+07
 -0.169492E+07  0.329172E+07 -0.101456E+04  0.148572E+08  0.762851E+07  0.229081E+08
 0.2900
  0.681911E+06 -0.327314E+06  0.130040E+04 -0.148498E+07 -0.306601E+07 -0.171666E+07
 -0.327579E+06  0.679763E+06 -0.193437E+03  0.304614E+07  0.148937E+07  0.331377E+07
 -0.320195E+04  0.263713E+04  0.137480E+06  0.248645E+06 -0.433085E+06  0.138298E+05
 -0.149210E+07  0.303789E+07  0.229576E+06  0.167957E+08  0.706359E+07  0.148976E+08
 -0.304052E+07  0.147685E+07 -0.467006E+06  0.693848E+07  0.179751E+08  0.763457E+07
 -0.171151E+07  0.331746E+07 -0.925655E+03  0.149385E+08  0.768368E+07  0.230548E+08
 0.3375
  0.687375E+06 -0.330420E+06  0.124899E+04 -0.149669E+07 -0.308575E+07 -0.173375E+07
 -0.330688E+06  0.685211E+06 -0.156609E+03  0.306604E+07  0.150089E+07  0.333945E+07
 -0.324010E+04  0.267207E+04  0.136621E+06  0.247348E+06 -0.430078E+06  0.140051E+05
 -0.150378E+07  0.305766E+07  0.228360E+06  0.168680E+08  0.711253E+07  0.149900E+08
 -0.306021E+07  0.148833E+07 -0.463758E+06  0.698802E+07  0.180383E+08  0.769844E+07
 -0.172856E+07  0.334316E+07 -0.752454E+03  0.150311E+08  0.774800E+07  0.231865E+08
 0.3850
  0.694092E+06 -0.334261E+06  0.115560E+04 -0.151127E+07 -0.310979E+07 -0.175503E+07
 -0.334533E+06  0.691906E+06 -0.881592E+02  0.309039E+07  0.151511E+07  0.337084E+07
 -0.328763E+04  0.271546E+04  0.135071E+06  0.244926E+06 -0.424735E+06  0.142244E+05
 -0.151828E+07  0.308181E+07  0.226160E+06  0.169539E+08  0.717537E+07  0.151036E+08
 -0.308426E+07  0.150259E+07 -0.457923E+06  0.705230E+07  0.181081E+08  0.777688E+07
 -0.174978E+07  0.337459E+07 -0.421812E+03  0.151458E+08  0.782602E+07  0.233469E+08
 0.4325
  0.701732E+06 -0.338646E+06  0.103738E+04 -0.152824E+07 -0.313791E+07 -0.177965E+07
 -0.338924E+06  0.699523E+06 -0.382602E+01  0.311893E+07  0.153164E+07  0.340621E+07
 -0.334399E+04  0.276623E+04  0.133064E+06  0.241776E+06 -0.417830E+06  0.144859E+05
 -0.153496E+07  0.310996E+07  0.223304E+06  0.170571E+08  0.725081E+07  0.152339E+08
 -0.311228E+07  0.151899E+07 -0.450366E+06  0.712967E+07  0.181907E+08  0.786930E+07
 -0.177442E+07  0.340994E+07 -0.785734E+01  0.152782E+08  0.791876E+07  0.235209E+08
 0.4800
  0.711523E+06 -0.344286E+06  0.889114E+03 -0.155023E+07 -0.317390E+07 -0.181103E+07
 -0.344570E+06  0.709283E+06  0.106642E+03  0.315543E+07  0.155305E+07  0.345182E+07
 -0.341509E+04  0.283060E+04  0.130873E+06  0.238381E+06 -0.410242E+06  0.148144E+05
 -0.155658E+07  0.314581E+07  0.220271E+06  0.171858E+08  0.734437E+07  0.154020E+08
 -0.314799E+07  0.154024E+07 -0.442011E+06  0.722555E+07  0.182960E+08  0.798676E+07
 -0.180565E+07  0.345567E+07  0.531443E+03  0.154497E+08  0.803663E+07  0.237494E+08
 0.5275
  0.723321E+06 -0.351139E+06  0.733217E+03 -0.157570E+07 -0.321578E+07 -0.184878E+07
 -0.351429E+06  0.721047E+06  0.222432E+03  0.319787E+07  0.157791E+07  0.350715E+07
 -0.349848E+04  0.290651E+04  0.128782E+06  0.235204E+06 -0.402935E+06  0.151981E+05
 -0.158214E+07  0.318819E+07  0.217445E+06  0.173379E+08  0.744971E+07  0.156006E+08
 -0.319018E+07  0.156539E+07 -0.433924E+06  0.733325E+07  0.184252E+08  0.812571E+07
 -0.184337E+07  0.351099E+07  0.109296E+04  0.156479E+08  0.817461E+07  0.240313E+08
 0.5750
  0.736039E+06 -0.358610E+06  0.531347E+03 -0.160424E+07 -0.326149E+07 -0.189036E+07
 -0.358908E+06  0.733727E+06  0.374910E+03  0.324430E+07  0.160566E+07  0.356629E+07
 -0.358948E+04  0.298946E+04  0.125802E+06  0.230554E+06 -0.392652E+06  0.156228E+05
 -0.161029E+07  0.323410E+07  0.213303E+06  0.175016E+08  0.757190E+07  0.158152E+08
 -0.323588E+07  0.159307E+07 -0.422609E+06  0.745864E+07  0.185575E+08  0.827908E+07
 -0.188494E+07  0.357014E+07  0.184323E+04  0.158654E+08  0.832777E+07  0.243249E+08
 0.6225
  0.751124E+06 -0.367595E+06  0.329834E+03 -0.163759E+07 -0.331465E+07 -0.193959E+07
 -0.367902E+06  0.748768E+06  0.530818E+03  0.329818E+07  0.163820E+07  0.363718E+07
 -0.369675E+04  0.308734E+04  0.123384E+06  0.226910E+06 -0.384166E+06  0.161200E+05
 -0.164352E+07  0.328742E+07  0.210103E+06  0.176895E+08  0.770587E+07  0.160670E+08
 -0.328896E+07  0.162577E+07 -0.413205E+06  0.759545E+07  0.187185E+08  0.845734E+07
 -0.193401E+07  0.364114E+07  0.260514E+04  0.161192E+08  0.850571E+07  0.246826E+08
 0.6700
  0.768060E+06 -0.377765E+06  0.119778E+03 -0.167535E+07 -0.337457E+07 -0.199538E+07
 -0.378079E+06  0.765660E+06  0.689552E+03  0.335885E+07  0.167513E+07  0.371668E+07
 -0.380381E+04  0.318426E+04  0.120716E+06  0.222832E+06 -0.374866E+06  0.166122E+05
 -0.168089E+07  0.334768E+07  0.206498E+06  0.179017E+08  0.785683E+07  0.163500E+08
 -0.334897E+07  0.166262E+07 -0.402924E+06  0.774948E+07  0.189016E+08  0.865992E+07
 -0.198979E+07  0.372061E+07  0.338521E+04  0.164043E+08  0.870829E+07  0.250829E+08
 0.7175
  0.786432E+06 -0.389009E+06 -0.896870E+02 -0.171625E+07 -0.343786E+07 -0.205666E+07
 -0.389331E+06  0.783985E+06  0.857176E+03  0.342290E+07  0.171517E+07  0.380320E+07
 -0.391510E+04  0.328676E+04  0.118566E+06  0.219639E+06 -0.367268E+06  0.171304E+05
 -0.172139E+07  0.341085E+07  0.203763E+06  0.181176E+08  0.801183E+07  0.166499E+08
 -0.341189E+07  0.170258E+07 -0.394438E+06  0.790736E+07  0.190929E+08  0.887561E+07
 -0.205100E+07  0.380716E+07  0.420630E+04  0.167085E+08  0.892424E+07  0.255188E+08
 0.7650
  0.805984E+06 -0.401128E+06 -0.296918E+03 -0.175939E+07 -0.350435E+07 -0.212209E+07
 -0.401454E+06  0.803497E+06  0.101806E+04  0.349015E+07  0.175748E+07  0.389589E+07
 -0.401682E+04  0.338060E+04  0.116258E+06  0.216126E+06 -0.359206E+06  0.176082E+05
 -0.176407E+07  0.347761E+07  0.200717E+06  0.183422E+08  0.817297E+07  0.169669E+08
 -0.347840E+07  0.174478E+07 -0.385461E+06  0.807154E+07  0.192919E+08  0.910328E+07
 -0.211630E+07  0.389993E+07  0.500615E+04  0.170282E+08  0.915189E+07  0.259899E+08
 0.8125
  0.826592E+06 -0.414099E+06 -0.462719E+03 -0.180332E+07 -0.357116E+07 -0.219113E+07
 -0.414426E+06  0.824071E+06  0.115140E+04  0.355759E+07  0.180070E+07  0.399453E+07
 -0.410210E+04  0.345970E+04  0.114978E+06  0.214263E+06 -0.354648E+06  0.180099E+05
 -0.180787E+07  0.354472E+07  0.199230E+06  0.185575E+08  0.832329E+07  0.172891E+08
 -0.354530E+07  0.178821E+07 -0.380207E+06  0.822435E+07  0.194915E+08  0.933355E+07
 -0.218534E+07  0.399852E+07  0.567031E+04  0.173512E+08  0.938195E+07  0.264993E+08
 0.8600
  0.845374E+06 -0.426055E+06 -0.633973E+03 -0.184254E+07 -0.362941E+07 -0.225458E+07
 -0.426380E+06  0.842831E+06  0.128617E+04  0.361651E+07  0.183920E+07  0.408460E+07
 -0.415877E+04  0.351390E+04  0.113035E+06  0.211163E+06 -0.348019E+06  0.182817E+05
 -0.184621E+07  0.360265E+07  0.196615E+06  0.187272E+08  0.845318E+07  0.175692E+08
 -0.360309E+07  0.182632E+07 -0.372729E+06  0.835737E+07  0.196404E+08  0.953342E+07
 -0.224868E+07  0.408865E+07  0.633785E+04  0.176372E+08  0.958281E+07  0.269606E+08
 0.9075
  0.862517E+06 -0.437006E+06 -0.746691E+03 -0.187357E+07 -0.367512E+07 -0.231100E+07
 -0.437323E+06  0.859972E+06  0.137695E+04  0.366275E+07  0.186971E+07  0.416859E+07
 -0.416559E+04  0.352434E+04  0.112059E+06  0.209485E+06 -0.344833E+06  0.183263E+05
 -0.187731E+07  0.364916E+07  0.195385E+06  0.188387E+08  0.853623E+07  0.178003E+08
 -0.364960E+07  0.185746E+07 -0.368838E+06  0.844338E+07  0.197411E+08  0.969048E+07
 -0.230516E+07  0.417254E+07  0.678809E+04  0.178663E+08  0.973738E+07  0.274109E+08
 0.9550
  0.874475E+06 -0.444415E+06 -0.811782E+03 -0.189004E+07 -0.370027E+07 -0.234784E+07
 -0.444718E+06  0.871951E+06  0.142044E+04  0.368831E+07  0.188588E+07  0.422864E+07
 -0.411533E+04  0.347805E+04  0.111377E+06  0.208081E+06 -0.342840E+06  0.180918E+05
 -0.189310E+07  0.367395E+07  0.194429E+06  0.188610E+08  0.855572E+07  0.179301E+08
 -0.367451E+07  0.187357E+07 -0.366190E+06  0.846580E+07  0.197568E+08  0.976481E+07
 -0.234192E+07  0.423265E+07  0.701012E+04  0.180002E+08  0.981203E+07  0.277431E+08
 1.0025
  0.879665E+06 -0.446897E+06 -0.821673E+03 -0.188492E+07 -0.369635E+07 -0.235758E+07
 -0.447178E+06  0.877199E+06  0.141642E+04  0.368471E+07  0.188065E+07  0.425750E+07
 -0.398009E+04  0.335773E+04  0.110604E+06  0.206214E+06 -0.340896E+06  0.174723E+05
 -0.188760E+07  0.367056E+07  0.193106E+06  0.187660E+08  0.848755E+07  0.179268E+08
 -0.367144E+07  0.186882E+07 -0.363498E+06  0.840123E+07  0.196564E+08  0.972705E+07
 -0.235173E+07  0.426144E+07  0.699036E+04  0.179962E+08  0.977231E+07  0.279327E+08
 1.0500
  0.876336E+06 -0.442894E+06 -0.752020E+03 -0.185228E+07 -0.365596E+07 -0.233127E+07
 -0.443149E+06  0.873960E+06  0.133807E+04  0.364440E+07  0.184825E+07  0.424757E+07
 -0.376107E+04  0.315551E+04  0.110542E+06  0.205222E+06 -0.341650E+06  0.164393E+05
 -0.185503E+07  0.363085E+07  0.192650E+06  0.185232E+08  0.830476E+07  0.177566E+08
 -0.363230E+07  0.183740E+07 -0.363583E+06  0.822197E+07  0.194169E+08  0.954143E+07
 -0.232553E+07  0.425142E+07  0.660079E+04  0.178230E+08  0.958246E+07  0.279536E+08
 1.0975
  0.859517E+06 -0.428895E+06 -0.609384E+03 -0.178316E+07 -0.356688E+07 -0.225203E+07
 -0.429120E+06  0.857266E+06  0.119290E+04  0.355521E+07  0.177969E+07  0.417334E+07
 -0.344694E+04  0.286354E+04  0.110659E+06  0.204229E+06 -0.343312E+06  0.149635E+05
 -0.178534E+07  0.354154E+07  0.192238E+06  0.181010E+08  0.798858E+07  0.173495E+08
 -0.354380E+07  0.176932E+07 -0.364575E+06  0.790941E+07  0.190014E+08  0.916132E+07
 -0.224624E+07  0.417732E+07  0.588819E+04  0.174178E+08  0.919978E+07  0.276530E+08
 1.1450
  0.830393E+06 -0.405459E+06 -0.405164E+03 -0.168000E+07 -0.343368E+07 -0.212185E+07
 -0.405653E+06  0.828294E+06  0.990352E+03  0.342172E+07  0.167734E+07  0.404152E+07
 -0.304379E+04  0.249096E+04  0.110578E+06  0.202621E+06 -0.344627E+06  0.130661E+05
 -0.168185E+07  0.340874E+07  0.191279E+06  0.175247E+08  0.755480E+07  0.167363E+08
 -0.341210E+07  0.166782E+07 -0.365137E+06  0.747966E+07  0.184323E+08  0.860295E+07
 -0.211629E+07  0.404539E+07  0.487893E+04  0.168019E+08  0.863767E+07  0.270897E+08
 1.1925
  0.787925E+06 -0.372181E+06 -0.139417E+03 -0.154205E+07 -0.325299E+07 -0.193831E+07
 -0.372345E+06  0.786000E+06  0.723519E+03  0.324055E+07  0.154050E+07  0.384729E+07
 -0.258613E+04  0.206177E+04  0.110887E+06  0.201500E+06 -0.347404E+06  0.108933E+05
 -0.154438E+07  0.322917E+07  0.190749E+06  0.167935E+08  0.700523E+07  0.159027E+08
 -0.323373E+07  0.153259E+07 -0.367250E+06  0.693371E+07  0.177129E+08  0.786244E+07
 -0.193299E+07  0.385107E+07  0.355361E+04  0.159612E+08  0.788970E+07  0.262337E+08
 1.2400
  0.735549E+06 -0.331874E+06  0.153353E+03 -0.138386E+07 -0.304308E+07 -0.171652E+07
 -0.332014E+06  0.733796E+06  0.442254E+03  0.303004E+07  0.138353E+07  0.360663E+07
 -0.211729E+04  0.162862E+04  0.111573E+06  0.201065E+06 -0.351400E+06  0.868602E+04
 -0.138660E+07  0.302000E+07  0.190823E+06  0.159786E+08  0.639894E+07  0.149308E+08
 -0.302580E+07  0.137703E+07 -0.370717E+06  0.633044E+07  0.169130E+08  0.701071E+07
 -0.171154E+07  0.361028E+07  0.214666E+04  0.149830E+08  0.703192E+07  0.251677E+08
 1.2875
  0.674810E+06 -0.286848E+06  0.435501E+03 -0.121475E+07 -0.281046E+07 -0.146872E+07
 -0.286971E+06  0.673217E+06  0.164214E+03  0.279681E+07  0.121564E+07  0.332654E+07
 -0.166823E+04  0.120762E+04  0.111880E+06  0.200091E+06 -0.354007E+06  0.655856E+04
 -0.121799E+07  0.278813E+07  0.190309E+06  0.151129E+08  0.578144E+07  0.138515E+08
 -0.279514E+07  0.121053E+07 -0.372840E+06  0.571556E+07  0.160587E+08  0.609833E+07
 -0.146423E+07  0.332992E+07  0.766833E+03  0.138966E+08  0.611419E+07  0.239095E+08
 1.3350
  0.612213E+06 -0.241862E+06  0.699666E+03 -0.105327E+07 -0.258203E+07 -0.122016E+07
 -0.241972E+06  0.610762E+06 -0.923737E+02  0.256776E+07  0.105530E+07  0.303802E+07
 -0.126639E+04  0.835869E+03  0.112276E+06  0.199509E+06 -0.356671E+06  0.467527E+04
 -0.105693E+07  0.256061E+07  0.190058E+06  0.142979E+08  0.521523E+07  0.127935E+08
 -0.256865E+07  0.105134E+07 -0.375166E+06  0.515122E+07  0.152544E+08  0.522304E+07
 -0.121594E+07  0.304136E+07 -0.506904E+03  0.128323E+08  0.523276E+07  0.226214E+08
 1.3825
  0.550759E+06 -0.199929E+06  0.921691E+03 -0.908423E+06 -0.236507E+07 -0.986268E+06
 -0.200032E+06  0.549423E+06 -0.306855E+03  0.235028E+07  0.911420E+06  0.275571E+07
 -0.950582E+03  0.546182E+03  0.112779E+06  0.199433E+06 -0.359351E+06  0.320376E+04
 -0.912690E+06  0.234482E+07  0.190158E+06  0.135594E+08  0.472958E+07  0.117925E+08
 -0.235359E+07  0.908550E+06 -0.377682E+06  0.466658E+07  0.145258E+08  0.443123E+07
 -0.982305E+06  0.275897E+07 -0.157681E+04  0.118237E+08  0.443578E+07  0.213784E+08
 1.4300
  0.493805E+06 -0.163576E+06  0.108487E+04 -0.789067E+06 -0.217303E+07 -0.781441E+06
 -0.163674E+06  0.492557E+06 -0.462023E+03  0.215789E+07  0.792774E+06  0.249456E+07
 -0.725817E+03  0.342902E+03  0.113325E+06  0.199775E+06 -0.361801E+06  0.217021E+04
 -0.793844E+06  0.215366E+07  0.190561E+06  0.129324E+08  0.434822E+07  0.109079E+08
 -0.216288E+07  0.790724E+06 -0.380103E+06  0.428557E+07  0.139065E+08  0.377115E+07
 -0.777835E+06  0.249762E+07 -0.235052E+04  0.109332E+08  0.377191E+07  0.202440E+08
 1.4775
  0.442118E+06 -0.133948E+06  0.120151E+04 -0.697427E+06 -0.200603E+07 -0.613122E+06
 -0.134045E+06  0.440929E+06 -0.571085E+03  0.199064E+07  0.701651E+06  0.225671E+07
 -0.582735E+03  0.214744E+03  0.113805E+06  0.200264E+06 -0.363757E+06  0.152387E+04
 -0.702675E+06  0.198733E+07  0.191023E+06  0.124168E+08  0.407804E+07  0.101355E+08
 -0.199676E+07  0.700205E+06 -0.382140E+06  0.401521E+07  0.133968E+08  0.325952E+07
 -0.609813E+06  0.225959E+07 -0.289077E+04  0.101557E+08  0.325817E+07  0.192076E+08
 1.5250
  0.397612E+06 -0.111301E+06  0.126979E+04 -0.632879E+06 -0.187119E+07 -0.483979E+06
 -0.111396E+06  0.396467E+06 -0.631881E+03  0.185571E+07  0.637401E+06  0.205039E+07
 -0.519845E+03  0.164583E+03  0.114219E+06  0.200916E+06 -0.365208E+06  0.126839E+04
 -0.638561E+06  0.185382E+07  0.191547E+06  0.120297E+08  0.390627E+07  0.950937E+07
 -0.186315E+07  0.636377E+06 -0.383777E+06  0.384277E+07  0.130132E+08  0.289911E+07
 -0.480793E+06  0.205321E+07 -0.319269E+04  0.952374E+07  0.289453E+07  0.183113E+08
 1.5725
  0.359459E+06 -0.954887E+05  0.129544E+04 -0.593192E+06 -0.176169E+07 -0.394016E+06
 -0.955832E+05  0.358341E+06 -0.650710E+03  0.174624E+07  0.597832E+06  0.187074E+07
 -0.525984E+03  0.178489E+03  0.114602E+06  0.201733E+06 -0.366320E+06  0.133617E+04
 -0.599004E+06  0.174511E+07  0.192160E+06  0.117471E+08  0.382485E+07  0.898967E+07
 -0.175412E+07  0.596793E+06 -0.385161E+06  0.376023E+07  0.127326E+08  0.267767E+07
 -0.391219E+06  0.187320E+07 -0.328835E+04  0.899918E+07  0.267419E+07  0.175182E+08
 1.6200
  0.328212E+06 -0.854670E+05  0.128889E+04 -0.573258E+06 -0.167859E+07 -0.339129E+06
 -0.855622E+05  0.327107E+06 -0.639458E+03  0.166328E+07  0.577882E+06  0.171941E+07
 -0.568977E+03  0.224489E+03  0.114930E+06  0.202554E+06 -0.367136E+06  0.157179E+04
 -0.579267E+06  0.166267E+07  0.192774E+06  0.115532E+08  0.380489E+07  0.858242E+07
 -0.167129E+07  0.576867E+06 -0.386252E+06  0.373912E+07  0.125395E+08  0.257343E+07
 -0.336167E+06  0.172204E+07 -0.323539E+04  0.858927E+07  0.256971E+07  0.168376E+08
 1.6675
  0.302418E+06 -0.802340E+05  0.125321E+04 -0.569413E+06 -0.161783E+07 -0.314897E+06
 -0.803296E+05  0.301318E+06 -0.597890E+03  0.160275E+07  0.573882E+06  0.158858E+07
 -0.659806E+03  0.315167E+03  0.115190E+06  0.203391E+06 -0.367591E+06  0.203332E+04
 -0.575734E+06  0.160289E+07  0.193366E+06  0.114448E+08  0.383804E+07  0.826766E+07
 -0.161095E+07  0.572927E+06 -0.387026E+06  0.377092E+07  0.124304E+08  0.256997E+07
 -0.312282E+06  0.159084E+07 -0.302974E+04  0.827037E+07  0.256604E+07  0.161939E+08
 1.7150
  0.282010E+06 -0.790090E+05  0.121175E+04 -0.577854E+06 -0.157558E+07 -0.317204E+06
 -0.791061E+05  0.280908E+06 -0.550860E+03  0.156072E+07  0.582151E+06  0.147814E+07
 -0.751668E+03  0.404583E+03  0.115562E+06  0.204369E+06 -0.368462E+06  0.249144E+04
 -0.584307E+06  0.156102E+07  0.194149E+06  0.113949E+08  0.390611E+07  0.802567E+07
 -0.156860E+07  0.581091E+06 -0.388170E+06  0.383784E+07  0.123814E+08  0.264389E+07
 -0.314328E+06  0.148062E+07 -0.279822E+04  0.802744E+07  0.264026E+07  0.155772E+08
 1.7625
  0.266521E+06 -0.801888E+05  0.115252E+04 -0.592604E+06 -0.155013E+07 -0.335819E+06
 -0.802872E+05  0.265409E+06 -0.487009E+03  0.153553E+07  0.596642E+06  0.138797E+07
 -0.885849E+03  0.533632E+03  0.115821E+06  0.205249E+06 -0.368855E+06  0.314307E+04
 -0.599278E+06  0.153652E+07  0.194782E+06  0.113945E+08  0.398753E+07  0.785907E+07
 -0.154347E+07  0.595450E+06 -0.388888E+06  0.391785E+07  0.123804E+08  0.276023E+07
 -0.332917E+06  0.139042E+07 -0.248462E+04  0.785810E+07  0.275611E+07  0.150184E+08
 1.8100
  0.255507E+06 -0.833836E+05  0.109298E+04 -0.613360E+06 -0.153935E+07 -0.366870E+06
 -0.834850E+05  0.254378E+06 -0.422580E+03  0.152496E+07  0.617142E+06  0.131776E+07
 -0.101325E+04  0.654084E+03  0.116030E+06  0.206027E+06 -0.369093E+06  0.375374E+04
 -0.619850E+06  0.152571E+07  0.195329E+06  0.114424E+08  0.408759E+07  0.775675E+07
 -0.153213E+07  0.615435E+06 -0.389434E+06  0.401654E+07  0.124276E+08  0.290890E+07
 -0.363995E+06  0.132013E+07 -0.216805E+04  0.775598E+07  0.290792E+07  0.145128E+08
 1.8575
  0.248384E+06 -0.873406E+05  0.103626E+04 -0.635030E+06 -0.153985E+07 -0.402208E+06
 -0.874461E+05  0.247234E+06 -0.361916E+03  0.152564E+07  0.638570E+06  0.126651E+07
 -0.113031E+04  0.762721E+03  0.116191E+06  0.206701E+06 -0.369186E+06  0.430894E+04
 -0.641627E+06  0.152649E+07  0.195779E+06  0.115161E+08  0.418433E+07  0.771403E+07
 -0.153248E+07  0.636664E+06 -0.389826E+06  0.411191E+07  0.125006E+08  0.306205E+07
 -0.399305E+06  0.126886E+07 -0.187002E+04  0.771210E+07  0.306234E+07  0.140774E+08
 1.9050
  0.244686E+06 -0.917992E+05  0.981313E+03 -0.657308E+06 -0.155022E+07 -0.438784E+06
 -0.919090E+05  0.243512E+06 -0.302873E+03  0.153617E+07  0.660606E+06  0.123363E+07
 -0.124649E+04  0.870975E+03  0.116328E+06  0.207301E+06 -0.369239E+06  0.485655E+04
 -0.664085E+06  0.153729E+07  0.196172E+06  0.116161E+08  0.427973E+07  0.772662E+07
 -0.154288E+07  0.658568E+06 -0.390156E+06  0.420605E+07  0.125999E+08  0.321331E+07
 -0.435931E+06  0.123589E+07 -0.158040E+04  0.772297E+07  0.321426E+07  0.137071E+08
 1.9525
  0.243973E+06 -0.965448E+05  0.938136E+03 -0.679960E+06 -0.156897E+07 -0.473979E+06
 -0.966589E+05  0.242773E+06 -0.254951E+03  0.155500E+07  0.683064E+06  0.121847E+07
 -0.132597E+04  0.944654E+03  0.116528E+06  0.207861E+06 -0.369664E+06  0.523220E+04
 -0.686737E+06  0.155605E+07  0.196632E+06  0.117375E+08  0.437310E+07  0.778827E+07
 -0.156143E+07  0.680836E+06 -0.390739E+06  0.429873E+07  0.127222E+08  0.335697E+07
 -0.471129E+06  0.122069E+07 -0.134425E+04  0.778409E+07  0.335950E+07  0.133993E+08
 2.0000
  0.245238E+06 -0.101053E+06  0.896090E+03 -0.700834E+06 -0.159147E+07 -0.504731E+06
 -0.101172E+06  0.244010E+06 -0.209445E+03  0.157757E+07  0.703747E+06  0.121645E+07
 -0.141881E+04  0.102960E+04  0.116659E+06  0.208352E+06 -0.369802E+06  0.566379E+04
 -0.707566E+06  0.157827E+07  0.196970E+06  0.118587E+08  0.445764E+07  0.787650E+07
 -0.158340E+07  0.701209E+06 -0.391084E+06  0.438230E+07  0.128434E+08  0.348192E+07
 -0.501855E+06  0.121866E+07 -0.112056E+04  0.787362E+07  0.348618E+07  0.131563E+08
