VARIABLES="Period (s)" "|Fx| (N/m)" "|Fy| (N/m)" "|Fz| (N/m)" "|Cx| (N)" "|Cy| (N)" "|Cz| (N)" "ang(Fx) (°)" "ang(Fy) (°)" "ang(Fz) (°)" "ang(Cx) (°)" "ang(Cy) (°)" "ang(Cz) (°)"
Zone t="Corps  1"
Zone t="Diffraction force - beta =   0.000 deg",I=    41,F=POINT
 0.1000  0.115823E+05  0.315959E+04  0.484169E+06  0.806896E+06  0.161495E+07  0.248393E+05  -89.68   90.72    0.19    1.31  178.35   90.63
 0.1475  0.251567E+05  0.689097E+04  0.476796E+06  0.794908E+06  0.159371E+07  0.540400E+05  -89.49   91.01    0.41    2.89  176.36   90.99
 0.1950  0.437788E+05  0.120436E+05  0.466741E+06  0.779219E+06  0.156860E+07  0.941714E+05  -89.23   91.42    0.71    5.11  173.55   91.51
 0.2425  0.672157E+05  0.185604E+05  0.454176E+06  0.760762E+06  0.154389E+07  0.144809E+06  -88.89   91.95    1.08    8.00  169.90   92.17
 0.2900  0.953822E+05  0.264869E+05  0.439275E+06  0.740677E+06  0.152488E+07  0.205940E+06  -88.48   92.60    1.52   11.62  165.40   92.97
 0.3375  0.127908E+06  0.357260E+05  0.422311E+06  0.720459E+06  0.151781E+07  0.276845E+06  -87.98   93.38    2.02   16.00  160.14   93.92
 0.3850  0.164608E+06  0.463032E+05  0.403587E+06  0.701869E+06  0.152915E+07  0.357388E+06  -87.39   94.30    2.57   21.18  154.29   95.03
 0.4325  0.205146E+06  0.581695E+05  0.383398E+06  0.686767E+06  0.156446E+07  0.447050E+06  -86.71   95.37    3.17   27.16  148.12   96.31
 0.4800  0.249439E+06  0.714365E+05  0.362031E+06  0.677287E+06  0.162802E+07  0.546068E+06  -85.93   96.61    3.82   33.92  141.96   97.76
 0.5275  0.297233E+06  0.861393E+05  0.339758E+06  0.675265E+06  0.172127E+07  0.654258E+06  -85.02   98.04    4.50   41.37  136.17   99.42
 0.5750  0.347959E+06  0.102145E+06  0.317110E+06  0.682589E+06  0.184341E+07  0.770772E+06  -83.96   99.71    5.23   49.30  131.05  101.29
 0.6225  0.401717E+06  0.119736E+06  0.294102E+06  0.700436E+06  0.199194E+07  0.896553E+06  -82.75  101.65    5.98   57.59  126.74  103.41
 0.6700  0.458097E+06  0.138890E+06  0.271227E+06  0.729790E+06  0.216343E+07  0.103142E+07  -81.35  103.90    6.77   66.01  123.35  105.81
 0.7175  0.516681E+06  0.159666E+06  0.248543E+06  0.770415E+06  0.235226E+07  0.117536E+07  -79.73  106.51    7.59   74.42  120.87  108.52
 0.7650  0.577059E+06  0.182100E+06  0.226498E+06  0.821999E+06  0.255412E+07  0.132822E+07  -77.87  109.54    8.44   82.70  119.28  111.60
 0.8125  0.638951E+06  0.206405E+06  0.204945E+06  0.883660E+06  0.276350E+07  0.149084E+07  -75.73  113.05    9.30   90.88  118.52  115.10
 0.8600  0.700566E+06  0.231855E+06  0.184555E+06  0.952978E+06  0.297219E+07  0.165967E+07  -73.27  117.10   10.19   98.92  118.57  119.04
 0.9075  0.761732E+06  0.258806E+06  0.164996E+06  0.102803E+07  0.317394E+07  0.183576E+07  -70.49  121.74   11.08  106.98  119.36  123.50
 0.9550  0.819871E+06  0.286089E+06  0.146550E+06  0.110576E+07  0.336014E+07  0.201327E+07  -67.34  127.02   11.96  115.14  120.85  128.51
 1.0025  0.873569E+06  0.313252E+06  0.129451E+06  0.118242E+07  0.352181E+07  0.218957E+07  -63.85  132.97   12.86  123.47  122.98  134.09
 1.0500  0.921230E+06  0.339691E+06  0.113485E+06  0.125466E+07  0.365059E+07  0.236083E+07  -60.01  139.58   13.69  132.08  125.67  140.27
 1.0975  0.958199E+06  0.362625E+06  0.988318E+05  0.131437E+07  0.373214E+07  0.251299E+07  -55.90  146.83   14.48  140.94  128.84  146.98
 1.1450  0.984089E+06  0.381892E+06  0.856221E+05  0.136002E+07  0.376426E+07  0.264427E+07  -51.60  154.62   15.25  150.05  132.38  154.18
 1.1925  0.996448E+06  0.395489E+06  0.736889E+05  0.138287E+07  0.373711E+07  0.274407E+07  -47.23  162.84   15.90  159.35  136.11  161.78
 1.2400  0.995861E+06  0.403401E+06  0.629737E+05  0.138604E+07  0.365910E+07  0.281232E+07  -42.91  171.35   16.36  168.74  139.89  169.66
 1.2875  0.981332E+06  0.403846E+06  0.535733E+05  0.136263E+07  0.352712E+07  0.283990E+07  -38.82  179.98   16.86  178.06  143.53  177.66
 1.3350  0.957191E+06  0.398838E+06  0.453882E+05  0.132240E+07  0.336388E+07  0.283732E+07  -35.03 -171.33   17.27 -172.70  146.95 -174.26
 1.3825  0.925647E+06  0.388667E+06  0.382450E+05  0.126378E+07  0.317457E+07  0.280658E+07  -31.65 -162.70   17.55 -163.63  150.01 -166.16
 1.4300  0.890232E+06  0.374986E+06  0.320509E+05  0.119614E+07  0.297807E+07  0.275637E+07  -28.67 -154.14   17.66 -154.72  152.70 -158.03
 1.4775  0.852011E+06  0.357191E+06  0.266930E+05  0.111550E+07  0.277524E+07  0.268278E+07  -26.17 -145.72   17.78 -146.05  154.94 -149.93
 1.5250  0.815045E+06  0.337882E+06  0.221744E+05  0.103442E+07  0.258603E+07  0.259906E+07  -23.99 -137.31   18.04 -137.44  156.92 -141.71
 1.5725  0.779129E+06  0.316243E+06  0.183025E+05  0.945000E+06  0.240199E+07  0.250023E+07  -22.13 -128.97   18.17 -128.95  158.57 -133.38
 1.6200  0.746637E+06  0.294623E+06  0.149979E+05  0.859520E+06  0.223631E+07  0.239644E+07  -20.40 -120.58   18.04 -120.47  160.11 -124.77
 1.6675  0.715375E+06  0.271495E+06  0.122215E+05  0.773641E+06  0.208207E+07  0.227824E+07  -18.70 -112.13   17.96 -111.95  161.64 -115.98
 1.7150  0.684880E+06  0.247409E+06  0.986596E+04  0.686230E+06  0.193348E+07  0.214435E+07  -17.04 -103.74   17.47 -103.53  163.12 -107.04
 1.7625  0.654868E+06  0.223875E+06  0.793014E+04  0.606196E+06  0.179544E+07  0.200549E+07  -15.28  -95.34   17.49  -95.11  164.78  -97.87
 1.8100  0.623950E+06  0.200308E+06  0.630500E+04  0.525934E+06  0.165641E+07  0.185854E+07  -13.55  -87.07   16.76  -86.83  166.35  -88.57
 1.8575  0.592901E+06  0.178335E+06  0.498428E+04  0.454709E+06  0.152488E+07  0.171306E+07  -11.80  -78.83   15.39  -78.59  167.97  -79.03
 1.9050  0.560600E+06  0.157596E+06  0.391696E+04  0.390673E+06  0.139729E+07  0.156599E+07  -10.18  -70.77   13.84  -70.49  169.51  -69.45
 1.9525  0.527610E+06  0.138321E+06  0.307924E+04  0.331925E+06  0.127251E+07  0.141952E+07   -8.82  -62.83   10.87  -62.52  170.72  -59.85
 2.0000  0.495178E+06  0.121219E+06  0.241157E+04  0.281723E+06  0.115548E+07  0.128167E+07   -7.71  -54.92    7.81  -54.50  171.73  -50.05
Zone t="Diffraction force - beta =   1.000 deg",I=    41,F=POINT
 0.1000  0.115253E+05  0.295734E+04  0.484169E+06  0.806881E+06  0.161494E+07  0.239853E+05  -89.68   90.75    0.19    1.25  178.36   90.64
 0.1475  0.250325E+05  0.645168E+04  0.476796E+06  0.794831E+06  0.159366E+07  0.521843E+05  -89.49   91.05    0.42    2.75  176.38   91.01
 0.1950  0.435618E+05  0.112791E+05  0.466741E+06  0.778984E+06  0.156845E+07  0.909395E+05  -89.23   91.46    0.72    4.86  173.59   91.53
 0.2425  0.668812E+05  0.173866E+05  0.454175E+06  0.760193E+06  0.154353E+07  0.139845E+06  -88.89   91.99    1.09    7.62  169.97   92.20
 0.2900  0.949048E+05  0.248210E+05  0.439273E+06  0.739506E+06  0.152415E+07  0.198890E+06  -88.47   92.64    1.54   11.07  165.50   93.01
 0.3375  0.127263E+06  0.334917E+05  0.422308E+06  0.718311E+06  0.151649E+07  0.267385E+06  -87.97   93.42    2.04   15.25  160.27   93.97
 0.3850  0.163773E+06  0.434274E+05  0.403582E+06  0.698236E+06  0.152700E+07  0.345204E+06  -87.39   94.34    2.60   20.22  154.44   95.09
 0.4325  0.204095E+06  0.545844E+05  0.383391E+06  0.681025E+06  0.156121E+07  0.431852E+06  -86.71   95.42    3.21   25.96  148.30   96.38
 0.4800  0.248146E+06  0.670758E+05  0.362020E+06  0.668707E+06  0.162342E+07  0.527568E+06  -85.92   96.66    3.86   32.52  142.15   97.84
 0.5275  0.295672E+06  0.809404E+05  0.339744E+06  0.663084E+06  0.171512E+07  0.632184E+06  -85.01   98.11    4.55   39.80  136.35   99.51
 0.5750  0.346104E+06  0.960545E+05  0.317092E+06  0.666104E+06  0.183557E+07  0.744897E+06  -83.96   99.79    5.28   47.63  131.22  101.40
 0.6225  0.399536E+06  0.112699E+06  0.294080E+06  0.679046E+06  0.198231E+07  0.866627E+06  -82.74  101.74    6.05   55.91  126.90  103.53
 0.6700  0.455560E+06  0.130857E+06  0.271201E+06  0.703088E+06  0.215194E+07  0.997226E+06  -81.34  104.01    6.85   64.41  123.49  105.95
 0.7175  0.513755E+06  0.150595E+06  0.248513E+06  0.738212E+06  0.233886E+07  0.113670E+07  -79.73  106.65    7.68   72.98  120.99  108.68
 0.7650  0.573711E+06  0.171953E+06  0.226464E+06  0.784296E+06  0.253876E+07  0.128493E+07  -77.87  109.72    8.53   81.46  119.38  111.78
 0.8125  0.635147E+06  0.195151E+06  0.204908E+06  0.840588E+06  0.274615E+07  0.144275E+07  -75.73  113.26    9.40   89.88  118.60  115.29
 0.8600  0.696285E+06  0.219492E+06  0.184516E+06  0.904856E+06  0.295285E+07  0.160677E+07  -73.29  117.36   10.31   98.18  118.64  119.26
 0.9075  0.756953E+06  0.245336E+06  0.164955E+06  0.975253E+06  0.315267E+07  0.177802E+07  -70.51  122.05   11.21  106.48  119.41  123.74
 0.9550  0.814601E+06  0.271564E+06  0.146509E+06  0.104883E+07  0.333705E+07  0.195086E+07  -67.38  127.40   12.11  114.86  120.87  128.78
 1.0025  0.867832E+06  0.297752E+06  0.129410E+06  0.112201E+07  0.349712E+07  0.212278E+07  -63.89  133.42   13.02  123.41  122.98  134.39
 1.0500  0.915074E+06  0.323327E+06  0.113445E+06  0.119154E+07  0.362461E+07  0.229005E+07  -60.08  140.11   13.87  132.21  125.65  140.59
 1.0975  0.951733E+06  0.345606E+06  0.987929E+05  0.124955E+07  0.370536E+07  0.243902E+07  -55.99  147.44   14.68  141.26  128.79  147.33
 1.1450  0.977441E+06  0.364441E+06  0.855838E+05  0.129457E+07  0.373726E+07  0.256795E+07  -51.71  155.32   15.47  150.54  132.30  154.56
 1.1925  0.989787E+06  0.377883E+06  0.736496E+05  0.131803E+07  0.371060E+07  0.266646E+07  -47.36  163.64   16.14  159.99  136.00  162.18
 1.2400  0.989361E+06  0.385917E+06  0.629318E+05  0.132291E+07  0.363375E+07  0.273447E+07  -43.07  172.25   16.63  169.53  139.75  170.09
 1.2875  0.975184E+06  0.386792E+06  0.535276E+05  0.130235E+07  0.350361E+07  0.276300E+07  -39.00 -179.00   17.16  179.00  143.37  178.12
 1.3350  0.951544E+06  0.382449E+06  0.453367E+05  0.126572E+07  0.334268E+07  0.276223E+07  -35.24 -170.21   17.60 -171.63  146.76 -173.78
 1.3825  0.920619E+06  0.373144E+06  0.381868E+05  0.121136E+07  0.315606E+07  0.273401E+07  -31.88 -161.47   17.92 -162.43  149.79 -165.65
 1.4300  0.885892E+06  0.360470E+06  0.319860E+05  0.114829E+07  0.296236E+07  0.268677E+07  -28.92 -152.81   18.06 -153.40  152.46 -157.51
 1.4775  0.848388E+06  0.343815E+06  0.266220E+05  0.107252E+07  0.276234E+07  0.261659E+07  -26.43 -144.28   18.21 -144.61  154.69 -149.40
 1.5250  0.812114E+06  0.325704E+06  0.220981E+05  0.996222E+06  0.257571E+07  0.253633E+07  -24.24 -135.76   18.49 -135.89  156.67 -141.16
 1.5725  0.776824E+06  0.305322E+06  0.182227E+05  0.911687E+06  0.239396E+07  0.244104E+07  -22.37 -127.31   18.65 -127.28  158.33 -132.82
 1.6200  0.744853E+06  0.284948E+06  0.149169E+05  0.830800E+06  0.223014E+07  0.234055E+07  -20.62 -118.81   18.53 -118.69  159.88 -124.21
 1.6675  0.714001E+06  0.263088E+06  0.121416E+05  0.749318E+06  0.207732E+07  0.222551E+07  -18.90 -110.25   18.45 -110.06  161.44 -115.43
 1.7150  0.683780E+06  0.240253E+06  0.978902E+04  0.666113E+06  0.192970E+07  0.209461E+07  -17.21 -101.73   17.95 -101.51  162.94 -106.50
 1.7625  0.653934E+06  0.217910E+06  0.785861E+04  0.589817E+06  0.179227E+07  0.195832E+07  -15.42  -93.23   17.94  -92.98  164.63  -97.35
 1.8100  0.623078E+06  0.195474E+06  0.624060E+04  0.513069E+06  0.165354E+07  0.181357E+07  -13.66  -84.83   17.17  -84.57  166.24  -88.07
 1.8575  0.592031E+06  0.174524E+06  0.492810E+04  0.444849E+06  0.152212E+07  0.166969E+07  -11.88  -76.48   15.72  -76.21  167.88  -78.58
 1.9050  0.559685E+06  0.154709E+06  0.386989E+04  0.383380E+06  0.139454E+07  0.152382E+07  -10.23  -68.32   14.09  -68.00  169.44  -69.06
 1.9525  0.526614E+06  0.136261E+06  0.304137E+04  0.326881E+06  0.126965E+07  0.137819E+07   -8.85  -60.27   11.00  -59.92  170.67  -59.52
 2.0000  0.494092E+06  0.119866E+06  0.238292E+04  0.278511E+06  0.115252E+07  0.124066E+07   -7.73  -52.27    7.83  -51.80  171.69  -49.80
Zone t="Diffraction force - beta =   2.000 deg",I=    41,F=POINT
 0.1000  0.114649E+05  0.275419E+04  0.484169E+06  0.806866E+06  0.161493E+07  0.231240E+05  -89.68   90.79    0.19    1.19  178.37   90.66
 0.1475  0.249006E+05  0.601043E+04  0.476796E+06  0.794759E+06  0.159361E+07  0.503126E+05  -89.49   91.09    0.42    2.61  176.41   91.03
 0.1950  0.433314E+05  0.105112E+05  0.466741E+06  0.778760E+06  0.156830E+07  0.876800E+05  -89.23   91.50    0.72    4.62  173.64   91.55
 0.2425  0.665263E+05  0.162074E+05  0.454175E+06  0.759658E+06  0.154316E+07  0.134838E+06  -88.89   92.03    1.10    7.23  170.04   92.22
 0.2900  0.943984E+05  0.231475E+05  0.439271E+06  0.738408E+06  0.152339E+07  0.191780E+06  -88.47   92.68    1.55   10.51  165.60   93.04
 0.3375  0.126580E+06  0.312472E+05  0.422304E+06  0.716283E+06  0.151512E+07  0.257843E+06  -87.97   93.47    2.06   14.50  160.40   94.01
 0.3850  0.162887E+06  0.405383E+05  0.403577E+06  0.694799E+06  0.152476E+07  0.332915E+06  -87.39   94.39    2.62   19.23  154.60   95.14
 0.4325  0.202982E+06  0.509828E+05  0.383383E+06  0.675577E+06  0.155782E+07  0.416523E+06  -86.70   95.47    3.24   24.74  148.48   96.44
 0.4800  0.246779E+06  0.626948E+05  0.362010E+06  0.660528E+06  0.161862E+07  0.508910E+06  -85.91   96.72    3.89   31.07  142.34   97.92
 0.5275  0.294021E+06  0.757172E+05  0.339730E+06  0.651405E+06  0.170870E+07  0.609920E+06  -85.00   98.18    4.59   38.16  136.54   99.60
 0.5750  0.344144E+06  0.899359E+05  0.317074E+06  0.650192E+06  0.182739E+07  0.718796E+06  -83.95   99.87    5.33   45.87  131.41  101.50
 0.6225  0.397234E+06  0.105629E+06  0.294058E+06  0.658242E+06  0.197226E+07  0.836439E+06  -82.74  101.84    6.11   54.11  127.07  103.65
 0.6700  0.452885E+06  0.122786E+06  0.271174E+06  0.676926E+06  0.213994E+07  0.962732E+06  -81.34  104.13    6.92   62.67  123.64  106.08
 0.7175  0.510674E+06  0.141480E+06  0.248482E+06  0.706448E+06  0.232487E+07  0.109770E+07  -79.73  106.79    7.76   71.38  121.12  108.83
 0.7650  0.570192E+06  0.161758E+06  0.226430E+06  0.746894E+06  0.252273E+07  0.124126E+07  -77.87  109.89    8.62   80.08  119.49  111.95
 0.8125  0.631154E+06  0.183842E+06  0.204871E+06  0.797669E+06  0.272806E+07  0.139424E+07  -75.74  113.48    9.50   88.76  118.68  115.48
 0.8600  0.691799E+06  0.207069E+06  0.184476E+06  0.856746E+06  0.293272E+07  0.155340E+07  -73.30  117.62   10.42   97.32  118.70  119.47
 0.9075  0.751954E+06  0.231802E+06  0.164914E+06  0.922359E+06  0.313054E+07  0.171975E+07  -70.53  122.38   11.34  105.89  119.45  123.98
 0.9550  0.809098E+06  0.256970E+06  0.146468E+06  0.991703E+06  0.331306E+07  0.188787E+07  -67.42  127.79   12.25  114.52  120.89  129.03
 1.0025  0.861852E+06  0.282178E+06  0.129370E+06  0.106131E+07  0.347149E+07  0.205535E+07  -63.95  133.89   13.18  123.30  122.98  134.67
 1.0500  0.908667E+06  0.306890E+06  0.113406E+06  0.112809E+07  0.359767E+07  0.221857E+07  -60.15  140.66   14.05  132.32  125.62  140.90
 1.0975  0.945016E+06  0.328515E+06  0.987543E+05  0.118440E+07  0.367765E+07  0.236430E+07  -56.08  148.08   14.87  141.57  128.74  147.66
 1.1450  0.970544E+06  0.346920E+06  0.855459E+05  0.122879E+07  0.370934E+07  0.249081E+07  -51.82  156.06   15.68  151.03  132.22  154.92
 1.1925  0.982885E+06  0.360215E+06  0.736108E+05  0.125289E+07  0.368323E+07  0.258797E+07  -47.50  164.48   16.38  160.66  135.89  162.58
 1.2400  0.982632E+06  0.368382E+06  0.628906E+05  0.125952E+07  0.360760E+07  0.265566E+07  -43.24  173.20   16.89  170.36  139.61  170.51
 1.2875  0.968823E+06  0.369700E+06  0.534825E+05  0.124188E+07  0.347938E+07  0.268507E+07  -39.20 -177.95   17.45  179.98  143.20  178.56
 1.3350  0.945700E+06  0.366036E+06  0.452859E+05  0.120891E+07  0.332084E+07  0.268602E+07  -35.46 -169.04   17.93 -170.51  146.56 -173.31
 1.3825  0.915409E+06  0.357612E+06  0.381294E+05  0.115887E+07  0.313696E+07  0.266026E+07  -32.12 -160.19   18.27 -161.18  149.57 -165.17
 1.4300  0.881381E+06  0.345961E+06  0.319219E+05  0.110043E+07  0.294611E+07  0.261590E+07  -29.17 -151.42   18.44 -152.03  152.22 -157.01
 1.4775  0.844601E+06  0.330462E+06  0.265519E+05  0.102959E+07  0.274893E+07  0.254906E+07  -26.69 -142.79   18.63 -143.11  154.44 -148.89
 1.5250  0.809018E+06  0.313562E+06  0.220226E+05  0.958124E+06  0.256489E+07  0.247216E+07  -24.50 -134.16   18.94 -134.28  156.42 -140.65
 1.5725  0.774347E+06  0.294450E+06  0.181438E+05  0.878514E+06  0.238543E+07  0.238034E+07  -22.62 -125.59   19.11 -125.56  158.09 -132.30
 1.6200  0.742886E+06  0.275332E+06  0.148368E+05  0.802250E+06  0.222345E+07  0.228306E+07  -20.85 -116.99   19.01 -116.86  159.66 -123.69
 1.6675  0.712430E+06  0.254751E+06  0.120626E+05  0.725189E+06  0.207202E+07  0.217109E+07  -19.10 -108.32   18.93 -108.12  161.23 -114.92
 1.7150  0.682470E+06  0.233176E+06  0.971297E+04  0.646210E+06  0.192534E+07  0.204312E+07  -17.38  -99.70   18.42  -99.46  162.77 -106.01
 1.7625  0.652779E+06  0.212029E+06  0.778795E+04  0.573659E+06  0.178852E+07  0.190934E+07  -15.56  -91.08   18.38  -90.82  164.48  -96.89
 1.8100  0.621981E+06  0.190727E+06  0.617700E+04  0.500433E+06  0.165009E+07  0.176676E+07  -13.77  -82.58   17.56  -82.30  166.12  -87.65
 1.8575  0.590936E+06  0.170798E+06  0.487264E+04  0.435211E+06  0.151881E+07  0.162447E+07  -11.96  -74.13   16.04  -73.84  167.79  -78.21
 1.9050  0.558549E+06  0.151904E+06  0.382347E+04  0.376296E+06  0.139126E+07  0.147979E+07  -10.29  -65.88   14.32  -65.54  169.37  -68.75
 1.9525  0.525403E+06  0.134277E+06  0.300408E+04  0.322030E+06  0.126630E+07  0.133501E+07   -8.89  -57.76   11.12  -57.36  170.62  -59.30
 2.0000  0.492799E+06  0.118577E+06  0.235471E+04  0.275466E+06  0.114910E+07  0.119784E+07   -7.74  -49.70    7.83  -49.18  171.65  -49.66
Zone t="Diffraction force - beta =   3.000 deg",I=    41,F=POINT
 0.1000  0.114009E+05  0.255021E+04  0.484169E+06  0.806853E+06  0.161492E+07  0.222557E+05  -89.68   90.83    0.20    1.12  178.38   90.67
 0.1475  0.247612E+05  0.556734E+04  0.476796E+06  0.794692E+06  0.159356E+07  0.484256E+05  -89.49   91.13    0.42    2.47  176.44   91.05
 0.1950  0.430879E+05  0.974006E+04  0.466740E+06  0.778552E+06  0.156813E+07  0.843937E+05  -89.23   91.54    0.73    4.37  173.69   91.58
 0.2425  0.661511E+05  0.150234E+05  0.454174E+06  0.759157E+06  0.154277E+07  0.129790E+06  -88.89   92.07    1.11    6.85  170.12   92.25
 0.2900  0.938632E+05  0.214670E+05  0.439270E+06  0.737378E+06  0.152260E+07  0.184611E+06  -88.47   92.73    1.56    9.95  165.71   93.08
 0.3375  0.125859E+06  0.289934E+05  0.422301E+06  0.714382E+06  0.151370E+07  0.248223E+06  -87.97   93.51    2.08   13.73  160.54   94.06
 0.3850  0.161952E+06  0.376369E+05  0.403572E+06  0.691570E+06  0.152242E+07  0.320524E+06  -87.38   94.44    2.64   18.23  154.77   95.20
 0.4325  0.201808E+06  0.473658E+05  0.383376E+06  0.670438E+06  0.155429E+07  0.401068E+06  -86.70   95.52    3.26   23.50  148.66   96.50
 0.4800  0.245336E+06  0.582949E+05  0.362000E+06  0.652781E+06  0.161362E+07  0.490097E+06  -85.91   96.78    3.93   29.58  142.54   97.99
 0.5275  0.292281E+06  0.704714E+05  0.339715E+06  0.640272E+06  0.170201E+07  0.587472E+06  -85.00   98.24    4.64   36.44  136.74   99.68
 0.5750  0.342079E+06  0.837904E+05  0.317056E+06  0.634912E+06  0.181887E+07  0.692479E+06  -83.95   99.95    5.39   44.00  131.60  101.60
 0.6225  0.394812E+06  0.985282E+05  0.294036E+06  0.638109E+06  0.196178E+07  0.806004E+06  -82.74  101.93    6.17   52.17  127.24  103.76
 0.6700  0.450074E+06  0.114679E+06  0.271148E+06  0.651404E+06  0.212744E+07  0.927954E+06  -81.34  104.24    6.99   60.77  123.79  106.21
 0.7175  0.507440E+06  0.132324E+06  0.248452E+06  0.675223E+06  0.231029E+07  0.105838E+07  -79.73  106.93    7.83   69.61  121.25  108.98
 0.7650  0.566502E+06  0.151516E+06  0.226396E+06  0.709892E+06  0.250605E+07  0.119723E+07  -77.88  110.07    8.71   78.53  119.60  112.12
 0.8125  0.626974E+06  0.172482E+06  0.204834E+06  0.754986E+06  0.270923E+07  0.134532E+07  -75.75  113.70    9.60   87.48  118.77  115.67
 0.8600  0.687110E+06  0.194590E+06  0.184437E+06  0.808713E+06  0.291178E+07  0.149957E+07  -73.32  117.90   10.53   96.33  118.77  119.68
 0.9075  0.746737E+06  0.218207E+06  0.164874E+06  0.869403E+06  0.310755E+07  0.166098E+07  -70.56  122.71   11.46  105.19  119.49  124.20
 0.9550  0.803363E+06  0.242311E+06  0.146427E+06  0.934397E+06  0.328816E+07  0.182433E+07  -67.46  128.20   12.39  114.11  120.91  129.28
 1.0025  0.855630E+06  0.266539E+06  0.129330E+06  0.100037E+07  0.344493E+07  0.198731E+07  -64.01  134.37   13.33  123.14  122.97  134.95
 1.0500  0.902013E+06  0.290385E+06  0.113367E+06  0.106434E+07  0.356980E+07  0.214642E+07  -60.23  141.24   14.21  132.41  125.59  141.20
 1.0975  0.938050E+06  0.311359E+06  0.987164E+05  0.111893E+07  0.364900E+07  0.228884E+07  -56.19  148.76   15.05  141.88  128.68  147.99
 1.1450  0.963402E+06  0.329341E+06  0.855086E+05  0.116271E+07  0.368053E+07  0.241288E+07  -51.95  156.84   15.89  151.54  132.13  155.28
 1.1925  0.975746E+06  0.342498E+06  0.735726E+05  0.118749E+07  0.365500E+07  0.250861E+07  -47.66  165.37   16.60  161.35  135.77  162.96
 1.2400  0.975679E+06  0.350809E+06  0.628501E+05  0.119592E+07  0.358065E+07  0.257591E+07  -43.42  174.20   17.14  171.23  139.45  170.91
 1.2875  0.962253E+06  0.352584E+06  0.534382E+05  0.118127E+07  0.345444E+07  0.260614E+07  -39.41 -176.84   17.73 -179.00  143.01  178.99
 1.3350  0.939663E+06  0.349615E+06  0.452359E+05  0.115202E+07  0.329834E+07  0.260875E+07  -35.68 -167.82   18.24 -169.34  146.35 -172.86
 1.3825  0.910020E+06  0.342090E+06  0.380728E+05  0.110638E+07  0.311727E+07  0.258535E+07  -32.36 -158.86   18.61 -159.86  149.34 -164.70
 1.4300  0.876701E+06  0.331477E+06  0.318588E+05  0.105262E+07  0.292933E+07  0.254381E+07  -29.44 -149.98   18.82 -150.59  151.98 -156.54
 1.4775  0.840649E+06  0.317148E+06  0.264828E+05  0.986773E+06  0.273502E+07  0.248021E+07  -26.95 -141.23   19.03 -141.55  154.19 -148.40
 1.5250  0.805756E+06  0.301473E+06  0.219481E+05  0.920177E+06  0.255358E+07  0.240660E+07  -24.76 -132.49   19.37 -132.61  156.17 -140.16
 1.5725  0.771696E+06  0.283642E+06  0.180660E+05  0.845530E+06  0.237640E+07  0.231816E+07  -22.87 -123.82   19.57 -123.77  157.84 -131.82
 1.6200  0.740735E+06  0.265791E+06  0.147577E+05  0.773914E+06  0.221622E+07  0.222400E+07  -21.08 -115.12   19.47 -114.96  159.43 -123.22
 1.6675  0.710661E+06  0.246494E+06  0.119846E+05  0.701288E+06  0.206617E+07  0.211504E+07  -19.31 -106.34   19.39 -106.12  161.03 -114.46
 1.7150  0.680949E+06  0.226184E+06  0.963791E+04  0.626548E+06  0.192042E+07  0.198994E+07  -17.55  -97.62   18.87  -97.36  162.59 -105.58
 1.7625  0.651405E+06  0.206235E+06  0.771821E+04  0.557741E+06  0.178419E+07  0.185863E+07  -15.70  -88.91   18.80  -88.63  164.34  -96.49
 1.8100  0.620660E+06  0.186068E+06  0.611426E+04  0.488032E+06  0.164607E+07  0.171819E+07  -13.88  -80.31   17.93  -80.01  166.00  -87.30
 1.8575  0.589616E+06  0.167157E+06  0.481796E+04  0.425793E+06  0.151494E+07  0.157747E+07  -12.04  -71.79   16.35  -71.47  167.70  -77.92
 1.9050  0.557192E+06  0.149174E+06  0.377774E+04  0.369408E+06  0.138744E+07  0.143400E+07  -10.35  -63.47   14.54  -63.10  169.30  -68.54
 1.9525  0.523981E+06  0.132359E+06  0.296737E+04  0.317348E+06  0.126245E+07  0.129013E+07   -8.92  -55.29   11.23  -54.85  170.57  -59.18
 2.0000  0.491303E+06  0.117341E+06  0.232695E+04  0.272554E+06  0.114523E+07  0.115338E+07   -7.76  -47.20    7.83  -46.62  171.62  -49.65
Zone t="Diffraction force - beta =   4.000 deg",I=    41,F=POINT
 0.1000  0.113335E+05  0.234544E+04  0.484169E+06  0.806839E+06  0.161491E+07  0.213806E+05  -89.68   90.88    0.20    1.06  178.40   90.69
 0.1475  0.246143E+05  0.512257E+04  0.476796E+06  0.794628E+06  0.159350E+07  0.465238E+05  -89.49   91.18    0.43    2.33  176.47   91.07
 0.1950  0.428313E+05  0.896597E+04  0.466740E+06  0.778359E+06  0.156796E+07  0.810816E+05  -89.22   91.59    0.74    4.12  173.74   91.60
 0.2425  0.657558E+05  0.138347E+05  0.454173E+06  0.758693E+06  0.154236E+07  0.124703E+06  -88.88   92.12    1.12    6.46  170.19   92.28
 0.2900  0.932995E+05  0.197801E+05  0.439268E+06  0.736418E+06  0.152178E+07  0.177386E+06  -88.47   92.78    1.58    9.39  165.82   93.12
 0.3375  0.125099E+06  0.267306E+05  0.422298E+06  0.712611E+06  0.151222E+07  0.238527E+06  -87.97   93.56    2.09   12.96  160.68   94.10
 0.3850  0.160968E+06  0.347242E+05  0.403566E+06  0.688552E+06  0.152000E+07  0.308036E+06  -87.38   94.49    2.67   17.22  154.94   95.25
 0.4325  0.200572E+06  0.437346E+05  0.383368E+06  0.665625E+06  0.155063E+07  0.385492E+06  -86.70   95.57    3.29   22.22  148.86   96.57
 0.4800  0.243818E+06  0.538777E+05  0.361989E+06  0.645484E+06  0.160843E+07  0.471138E+06  -85.91   96.84    3.96   28.04  142.75   98.07
 0.5275  0.290452E+06  0.652045E+05  0.339701E+06  0.629726E+06  0.169507E+07  0.564847E+06  -85.00   98.31    4.68   34.66  136.95   99.77
 0.5750  0.339911E+06  0.776202E+05  0.317038E+06  0.620334E+06  0.181000E+07  0.665956E+06  -83.95  100.02    5.43   42.02  131.79  101.70
 0.6225  0.392272E+06  0.913982E+05  0.294014E+06  0.618737E+06  0.195089E+07  0.775326E+06  -82.74  102.02    6.23   50.09  127.42  103.88
 0.6700  0.447127E+06  0.106539E+06  0.271121E+06  0.626630E+06  0.211444E+07  0.892898E+06  -81.34  104.36    7.05   58.69  123.95  106.34
 0.7175  0.504054E+06  0.123131E+06  0.248421E+06  0.644662E+06  0.229514E+07  0.101875E+07  -79.74  107.08    7.91   67.65  121.38  109.12
 0.7650  0.562644E+06  0.141233E+06  0.226362E+06  0.673403E+06  0.248871E+07  0.115284E+07  -77.89  110.25    8.80   76.79  119.71  112.28
 0.8125  0.622608E+06  0.161075E+06  0.204797E+06  0.712636E+06  0.268969E+07  0.129600E+07  -75.77  113.93    9.70   86.02  118.86  115.84
 0.8600  0.682220E+06  0.182060E+06  0.184398E+06  0.760833E+06  0.289006E+07  0.144530E+07  -73.35  118.18   10.64   95.18  118.83  119.87
 0.9075  0.741304E+06  0.204556E+06  0.164833E+06  0.816440E+06  0.308373E+07  0.160171E+07  -70.60  123.06   11.57  104.37  119.53  124.42
 0.9550  0.797400E+06  0.227594E+06  0.146387E+06  0.876955E+06  0.326239E+07  0.176024E+07  -67.51  128.63   12.52  113.60  120.92  129.53
 1.0025  0.849169E+06  0.250839E+06  0.129290E+06  0.939197E+06  0.341746E+07  0.191868E+07  -64.07  134.89   13.47  122.93  122.96  135.21
 1.0500  0.895114E+06  0.273821E+06  0.113328E+06  0.100031E+07  0.354100E+07  0.207362E+07  -60.32  141.85   14.37  132.46  125.55  141.49
 1.0975  0.930837E+06  0.294148E+06  0.986789E+05  0.105316E+07  0.361944E+07  0.221268E+07  -56.30  149.47   15.23  142.18  128.61  148.31
 1.1450  0.956017E+06  0.311714E+06  0.854719E+05  0.109635E+07  0.365082E+07  0.233417E+07  -52.08  157.66   16.08  152.07  132.03  155.62
 1.1925  0.968373E+06  0.324742E+06  0.735350E+05  0.112185E+07  0.362594E+07  0.242841E+07  -47.82  166.31   16.82  162.08  135.64  163.33
 1.2400  0.968504E+06  0.333211E+06  0.628104E+05  0.113215E+07  0.355293E+07  0.249526E+07  -43.61  175.25   17.39  172.15  139.29  171.30
 1.2875  0.955476E+06  0.335460E+06  0.533948E+05  0.112055E+07  0.342877E+07  0.252623E+07  -39.62 -175.66   18.00 -177.91  142.82  179.40
 1.3350  0.933434E+06  0.333204E+06  0.451868E+05  0.109510E+07  0.327520E+07  0.253042E+07  -35.92 -166.52   18.54 -168.09  146.14 -172.44
 1.3825  0.904453E+06  0.326595E+06  0.380172E+05  0.105394E+07  0.309701E+07  0.250933E+07  -32.62 -157.44   18.94 -158.48  149.10 -164.26
 1.4300  0.871852E+06  0.317035E+06  0.317966E+05  0.100493E+07  0.291201E+07  0.247051E+07  -29.70 -148.45   19.18 -149.07  151.72 -156.09
 1.4775  0.836532E+06  0.303892E+06  0.264146E+05  0.944124E+06  0.272060E+07  0.241009E+07  -27.22 -139.60   19.43 -139.91  153.93 -147.95
 1.5250  0.802327E+06  0.289455E+06  0.218747E+05  0.882439E+06  0.254177E+07  0.233969E+07  -25.03 -130.75   19.79 -130.86  155.91 -139.71
 1.5725  0.768871E+06  0.272917E+06  0.179892E+05  0.812789E+06  0.236685E+07  0.225454E+07  -23.12 -121.98   20.00 -121.90  157.60 -131.38
 1.6200  0.738397E+06  0.256338E+06  0.146797E+05  0.745837E+06  0.220847E+07  0.216342E+07  -21.31 -113.18   19.93 -113.00  159.20 -122.79
 1.6675  0.708692E+06  0.238331E+06  0.119076E+05  0.677654E+06  0.205977E+07  0.205741E+07  -19.51 -104.31   19.85 -104.07  160.83 -114.05
 1.7150  0.679217E+06  0.219289E+06  0.956391E+04  0.607156E+06  0.191492E+07  0.193513E+07  -17.72  -95.49   19.32  -95.21  162.42 -105.20
 1.7625  0.649811E+06  0.200536E+06  0.764948E+04  0.542078E+06  0.177928E+07  0.180626E+07  -15.84  -86.70   19.22  -86.41  164.19  -96.16
 1.8100  0.619115E+06  0.181498E+06  0.605244E+04  0.475873E+06  0.164147E+07  0.166795E+07  -13.99  -78.03   18.30  -77.71  165.89  -87.03
 1.8575  0.588073E+06  0.163597E+06  0.476414E+04  0.416590E+06  0.151051E+07  0.152881E+07  -12.13  -69.44   16.65  -69.10  167.61  -77.72
 1.9050  0.555618E+06  0.146516E+06  0.373275E+04  0.362701E+06  0.138310E+07  0.138658E+07  -10.41  -61.08   14.75  -60.68  169.23  -68.43
 1.9525  0.522347E+06  0.130498E+06  0.293126E+04  0.312811E+06  0.125811E+07  0.124368E+07   -8.96  -52.87   11.33  -52.38  170.52  -59.18
 2.0000  0.489606E+06  0.116145E+06  0.229964E+04  0.269744E+06  0.114089E+07  0.110745E+07   -7.78  -44.78    7.81  -44.15  171.58  -49.79
Zone t="Diffraction force - beta =   5.000 deg",I=    41,F=POINT
 0.1000  0.112626E+05  0.213997E+04  0.484169E+06  0.806826E+06  0.161489E+07  0.204989E+05  -89.68   90.93    0.20    1.00  178.41   90.71
 0.1475  0.244599E+05  0.467623E+04  0.476796E+06  0.794571E+06  0.159345E+07  0.446079E+05  -89.49   91.23    0.43    2.19  176.50   91.09
 0.1950  0.425616E+05  0.818915E+04  0.466739E+06  0.778180E+06  0.156779E+07  0.777450E+05  -89.22   91.65    0.74    3.87  173.79   91.63
 0.2425  0.653405E+05  0.126419E+05  0.454172E+06  0.758263E+06  0.154194E+07  0.119577E+06  -88.88   92.18    1.13    6.06  170.28   92.31
 0.2900  0.927074E+05  0.180870E+05  0.439266E+06  0.735533E+06  0.152093E+07  0.170107E+06  -88.46   92.83    1.59    8.82  165.93   93.15
 0.3375  0.124301E+06  0.244598E+05  0.422295E+06  0.710971E+06  0.151070E+07  0.228759E+06  -87.96   93.62    2.11   12.17  160.83   94.15
 0.3850  0.159935E+06  0.318010E+05  0.403561E+06  0.685754E+06  0.151750E+07  0.295455E+06  -87.38   94.54    2.69   16.19  155.12   95.30
 0.4325  0.199275E+06  0.400901E+05  0.383361E+06  0.661146E+06  0.154683E+07  0.369799E+06  -86.69   95.63    3.32   20.93  149.07   96.63
 0.4800  0.242227E+06  0.494443E+05  0.361978E+06  0.638668E+06  0.160305E+07  0.452035E+06  -85.90   96.89    4.00   26.46  142.96   98.14
 0.5275  0.288535E+06  0.599184E+05  0.339687E+06  0.619813E+06  0.168786E+07  0.542052E+06  -84.99   98.37    4.72   32.81  137.17   99.85
 0.5750  0.337640E+06  0.714271E+05  0.317020E+06  0.606526E+06  0.180081E+07  0.639234E+06  -83.95  100.10    5.48   39.94  132.00  101.79
 0.6225  0.389612E+06  0.842414E+05  0.293991E+06  0.600226E+06  0.193958E+07  0.744417E+06  -82.74  102.11    6.28   47.86  127.61  103.99
 0.6700  0.444046E+06  0.983688E+05  0.271095E+06  0.602731E+06  0.210095E+07  0.857577E+06  -81.35  104.47    7.11   56.42  124.11  106.46
 0.7175  0.500517E+06  0.113902E+06  0.248390E+06  0.614899E+06  0.227941E+07  0.978815E+06  -79.74  107.22    7.98   65.48  121.52  109.26
 0.7650  0.558618E+06  0.130909E+06  0.226328E+06  0.637563E+06  0.247072E+07  0.110811E+07  -77.90  110.44    8.88   74.82  119.82  112.43
 0.8125  0.618058E+06  0.149624E+06  0.204760E+06  0.670738E+06  0.266942E+07  0.124631E+07  -75.79  114.16    9.79   84.34  118.95  116.02
 0.8600  0.677129E+06  0.169482E+06  0.184359E+06  0.713199E+06  0.286756E+07  0.139061E+07  -73.38  118.48   10.74   93.85  118.89  120.07
 0.9075  0.735656E+06  0.190855E+06  0.164793E+06  0.763537E+06  0.305907E+07  0.154198E+07  -70.64  123.44   11.69  103.40  119.57  124.64
 0.9550  0.791210E+06  0.212824E+06  0.146347E+06  0.819423E+06  0.323573E+07  0.169564E+07  -67.57  129.08   12.64  112.98  120.94  129.76
 1.0025  0.842472E+06  0.235086E+06  0.129251E+06  0.877832E+06  0.338908E+07  0.184947E+07  -64.15  135.44   13.61  122.65  122.95  135.47
 1.0500  0.887972E+06  0.257206E+06  0.113290E+06  0.936028E+06  0.351129E+07  0.200018E+07  -60.41  142.50   14.52  132.49  125.51  141.77
 1.0975  0.923381E+06  0.276891E+06  0.986420E+05  0.987128E+06  0.358897E+07  0.213583E+07  -56.41  150.24   15.40  142.48  128.54  148.62
 1.1450  0.948392E+06  0.294050E+06  0.854358E+05  0.102974E+07  0.362023E+07  0.225471E+07  -52.23  158.55   16.27  152.62  131.92  155.95
 1.1925  0.960769E+06  0.306963E+06  0.734982E+05  0.105602E+07  0.359604E+07  0.234740E+07  -47.99  167.31   17.03  162.86  135.50  163.68
 1.2400  0.961110E+06  0.315606E+06  0.627714E+05  0.106826E+07  0.352444E+07  0.241373E+07  -43.80  176.38   17.62  173.12  139.12  171.68
 1.2875  0.948495E+06  0.318347E+06  0.533522E+05  0.105979E+07  0.340241E+07  0.244537E+07  -39.84 -174.41   18.26 -176.75  142.63  179.80
 1.3350  0.927015E+06  0.316823E+06  0.451387E+05  0.103823E+07  0.325143E+07  0.245108E+07  -36.17 -165.15   18.83 -166.77  145.91 -172.02
 1.3825  0.898708E+06  0.311148E+06  0.379627E+05  0.100162E+07  0.307617E+07  0.243221E+07  -32.88 -155.95   19.27 -157.00  148.86 -163.84
 1.4300  0.866834E+06  0.302659E+06  0.317355E+05  0.957422E+06  0.289417E+07  0.239604E+07  -29.98 -146.84   19.53 -147.46  151.46 -155.66
 1.4775  0.832250E+06  0.290717E+06  0.263477E+05  0.901716E+06  0.270567E+07  0.233872E+07  -27.50 -137.88   19.81 -138.18  153.66 -147.52
 1.5250  0.798729E+06  0.277529E+06  0.218025E+05  0.844978E+06  0.252945E+07  0.227145E+07  -25.30 -128.93   20.20 -129.02  155.64 -139.29
 1.5725  0.765869E+06  0.262293E+06  0.179136E+05  0.780351E+06  0.235679E+07  0.218953E+07  -23.37 -120.05   20.43 -119.96  157.35 -130.97
 1.6200  0.735871E+06  0.246992E+06  0.146029E+05  0.718073E+06  0.220019E+07  0.210138E+07  -21.54 -111.17   20.37 -110.97  158.97 -122.40
 1.6675  0.706523E+06  0.230276E+06  0.118319E+05  0.654332E+06  0.205281E+07  0.199826E+07  -19.71 -102.21   20.29 -101.95  160.62 -113.69
 1.7150  0.677272E+06  0.212501E+06  0.949107E+04  0.588064E+06  0.190885E+07  0.187876E+07  -17.90  -93.31   19.75  -93.01  162.25 -104.88
 1.7625  0.647996E+06  0.194939E+06  0.758183E+04  0.526691E+06  0.177379E+07  0.175231E+07  -15.98  -84.45   19.62  -84.14  164.05  -95.89
 1.8100  0.617346E+06  0.177022E+06  0.599164E+04  0.463961E+06  0.163630E+07  0.161613E+07  -14.10  -75.72   18.66  -75.37  165.77  -86.83
 1.8575  0.586307E+06  0.160117E+06  0.471122E+04  0.407597E+06  0.150553E+07  0.147860E+07  -12.21  -67.10   16.94  -66.72  167.52  -77.60
 1.9050  0.553826E+06  0.143922E+06  0.368852E+04  0.356162E+06  0.137823E+07  0.133768E+07  -10.46  -58.71   14.95  -58.28  169.16  -68.43
 1.9525  0.520506E+06  0.128684E+06  0.289580E+04  0.308398E+06  0.125328E+07  0.119583E+07   -8.99  -50.49   11.42  -49.97  170.47  -59.31
 2.0000  0.487710E+06  0.114977E+06  0.227280E+04  0.267008E+06  0.113611E+07  0.106021E+07   -7.79  -42.43    7.79  -41.75  171.55  -50.07
Zone t="Diffraction force - beta =   6.000 deg",I=    41,F=POINT
 0.1000  0.111883E+05  0.193385E+04  0.484169E+06  0.806815E+06  0.161488E+07  0.196111E+05  -89.68   91.01    0.20    0.93  178.43   90.73
 0.1475  0.242980E+05  0.422847E+04  0.476795E+06  0.794518E+06  0.159339E+07  0.426783E+05  -89.49   91.30    0.43    2.05  176.53   91.11
 0.1950  0.422789E+05  0.740984E+04  0.466739E+06  0.778017E+06  0.156761E+07  0.743846E+05  -89.22   91.71    0.75    3.62  173.85   91.65
 0.2425  0.649052E+05  0.114452E+05  0.454171E+06  0.757869E+06  0.154151E+07  0.114416E+06  -88.88   92.25    1.14    5.67  170.36   92.35
 0.2900  0.920870E+05  0.163885E+05  0.439264E+06  0.734719E+06  0.152005E+07  0.162776E+06  -88.46   92.89    1.60    8.24  166.05   93.19
 0.3375  0.123465E+06  0.221816E+05  0.422292E+06  0.709468E+06  0.150912E+07  0.218922E+06  -87.96   93.68    2.12   11.39  160.99   94.19
 0.3850  0.158853E+06  0.288681E+05  0.403556E+06  0.683183E+06  0.151491E+07  0.282784E+06  -87.38   94.60    2.71   15.15  155.31   95.35
 0.4325  0.197917E+06  0.364336E+05  0.383353E+06  0.657016E+06  0.154292E+07  0.353994E+06  -86.69   95.68    3.34   19.61  149.28   96.69
 0.4800  0.240562E+06  0.449959E+05  0.361968E+06  0.632351E+06  0.159749E+07  0.432795E+06  -85.90   96.95    4.03   24.84  143.19   98.21
 0.5275  0.286531E+06  0.546143E+05  0.339673E+06  0.610576E+06  0.168041E+07  0.519094E+06  -85.00   98.43    4.76   30.89  137.39   99.94
 0.5750  0.335266E+06  0.652130E+05  0.317002E+06  0.593558E+06  0.179129E+07  0.612318E+06  -83.95  100.17    5.53   37.76  132.22  101.89
 0.6225  0.386835E+06  0.770603E+05  0.293969E+06  0.582682E+06  0.192787E+07  0.713287E+06  -82.74  102.21    6.33   45.48  127.81  104.09
 0.6700  0.440831E+06  0.901700E+05  0.271068E+06  0.579847E+06  0.208697E+07  0.822001E+06  -81.35  104.59    7.17   53.96  124.29  106.58
 0.7175  0.496830E+06  0.104642E+06  0.248360E+06  0.586097E+06  0.226313E+07  0.938592E+06  -79.75  107.38    8.05   63.06  121.67  109.40
 0.7650  0.554425E+06  0.120551E+06  0.226294E+06  0.602536E+06  0.245210E+07  0.106305E+07  -77.92  110.63    8.95   72.59  119.94  112.58
 0.8125  0.613325E+06  0.138134E+06  0.204723E+06  0.629437E+06  0.264845E+07  0.119625E+07  -75.81  114.42    9.88   82.42  119.04  116.18
 0.8600  0.671841E+06  0.156861E+06  0.184320E+06  0.665930E+06  0.284428E+07  0.133551E+07  -73.41  118.80   10.84   92.30  118.96  120.25
 0.9075  0.729796E+06  0.177108E+06  0.164753E+06  0.710776E+06  0.303358E+07  0.148180E+07  -70.69  123.84   11.79  102.25  119.61  124.84
 0.9550  0.784795E+06  0.198007E+06  0.146307E+06  0.761855E+06  0.320821E+07  0.163054E+07  -67.63  129.58   12.76  112.24  120.95  129.99
 1.0025  0.835542E+06  0.219286E+06  0.129212E+06  0.816305E+06  0.335981E+07  0.177972E+07  -64.23  136.04   13.74  122.28  122.93  135.72
 1.0500  0.880591E+06  0.240548E+06  0.113252E+06  0.871514E+06  0.348066E+07  0.192615E+07  -60.51  143.21   14.67  132.47  125.46  142.05
 1.0975  0.915684E+06  0.259599E+06  0.986057E+05  0.920846E+06  0.355760E+07  0.205831E+07  -56.54  151.07   15.56  142.78  128.46  148.91
 1.1450  0.940530E+06  0.276361E+06  0.854005E+05  0.962905E+06  0.358878E+07  0.217453E+07  -52.38  159.50   16.45  153.20  131.81  156.27
 1.1925  0.952936E+06  0.289175E+06  0.734623E+05  0.990024E+06  0.356532E+07  0.226560E+07  -48.17  168.40   17.23  163.69  135.36  164.03
 1.2400  0.953500E+06  0.298009E+06  0.627334E+05  0.100429E+07  0.349518E+07  0.233134E+07  -44.01  177.60   17.84  174.17  138.95  172.05
 1.2875  0.941312E+06  0.301263E+06  0.533106E+05  0.999051E+06  0.337536E+07  0.236359E+07  -40.07 -173.06   18.51 -175.50  142.42 -179.82
 1.3350  0.920409E+06  0.300492E+06  0.450916E+05  0.981476E+06  0.322703E+07  0.237075E+07  -36.42 -163.67   19.11 -165.35  145.68 -171.63
 1.3825  0.892788E+06  0.295773E+06  0.379092E+05  0.949501E+06  0.305476E+07  0.235404E+07  -33.15 -154.35   19.57 -155.42  148.60 -163.44
 1.4300  0.861649E+06  0.288372E+06  0.316756E+05  0.910181E+06  0.287579E+07  0.232044E+07  -30.26 -145.13   19.87 -145.75  151.20 -155.26
 1.4775  0.827802E+06  0.277646E+06  0.262819E+05  0.859627E+06  0.269024E+07  0.226615E+07  -27.78 -136.06   20.18 -136.34  153.39 -147.12
 1.5250  0.794963E+06  0.265718E+06  0.217315E+05  0.807869E+06  0.251664E+07  0.220193E+07  -25.57 -127.01   20.59 -127.07  155.38 -138.90
 1.5725  0.762691E+06  0.251792E+06  0.178394E+05  0.748285E+06  0.234622E+07  0.212317E+07  -23.63 -118.04   20.85 -117.91  157.09 -130.60
 1.6200  0.733157E+06  0.237771E+06  0.145274E+05  0.690680E+06  0.219136E+07  0.203793E+07  -21.78 -109.07   20.80 -108.84  158.74 -122.05
 1.6675  0.704152E+06  0.222344E+06  0.117574E+05  0.631364E+06  0.204530E+07  0.193765E+07  -19.92 -100.04   20.72  -99.76  160.42 -113.39
 1.7150  0.675115E+06  0.205831E+06  0.941949E+04  0.569308E+06  0.190221E+07  0.182090E+07  -18.07  -91.07   20.17  -90.74  162.07 -104.62
 1.7625  0.645962E+06  0.189449E+06  0.751535E+04  0.511601E+06  0.176772E+07  0.169687E+07  -16.12  -82.17   20.01  -81.84  163.90  -95.69
 1.8100  0.615356E+06  0.172642E+06  0.593189E+04  0.452307E+06  0.163056E+07  0.156284E+07  -14.21  -73.39   19.00  -73.02  165.65  -86.71
 1.8575  0.584322E+06  0.156716E+06  0.465923E+04  0.398812E+06  0.150001E+07  0.142696E+07  -12.29  -64.75   17.22  -64.34  167.43  -77.59
 1.9050  0.551820E+06  0.141388E+06  0.364509E+04  0.349776E+06  0.137285E+07  0.128741E+07  -10.52  -56.36   15.14  -55.90  169.09  -68.54
 1.9525  0.518460E+06  0.126909E+06  0.286096E+04  0.304085E+06  0.124798E+07  0.114673E+07   -9.03  -48.16   11.51  -47.59  170.42  -59.57
 2.0000  0.485618E+06  0.113825E+06  0.224643E+04  0.264317E+06  0.113089E+07  0.101188E+07   -7.80  -40.15    7.77  -39.42  171.52  -50.51
Zone t="Diffraction force - beta =   7.000 deg",I=    41,F=POINT
 0.1000  0.111106E+05  0.172714E+04  0.484169E+06  0.806805E+06  0.161487E+07  0.187172E+05  -89.68   91.10    0.20    0.87  178.44   90.75
 0.1475  0.241287E+05  0.377944E+04  0.476795E+06  0.794470E+06  0.159333E+07  0.407358E+05  -89.49   91.38    0.44    1.91  176.56   91.14
 0.1950  0.419834E+05  0.662829E+04  0.466739E+06  0.777870E+06  0.156742E+07  0.710017E+05  -89.22   91.79    0.75    3.37  173.91   91.68
 0.2425  0.644502E+05  0.102451E+05  0.454170E+06  0.757513E+06  0.154107E+07  0.109219E+06  -88.88   92.32    1.15    5.27  170.45   92.38
 0.2900  0.914386E+05  0.146851E+05  0.439262E+06  0.733983E+06  0.151915E+07  0.155396E+06  -88.46   92.97    1.61    7.67  166.17   93.23
 0.3375  0.122591E+06  0.198967E+05  0.422288E+06  0.708103E+06  0.150750E+07  0.209017E+06  -87.96   93.74    2.14   10.59  161.15   94.24
 0.3850  0.157722E+06  0.259266E+05  0.403551E+06  0.680843E+06  0.151225E+07  0.270027E+06  -87.37   94.66    2.73   14.10  155.51   95.41
 0.4325  0.196499E+06  0.327661E+05  0.383346E+06  0.653245E+06  0.153888E+07  0.338081E+06  -86.69   95.74    3.37   18.26  149.50   96.75
 0.4800  0.238824E+06  0.405343E+05  0.361957E+06  0.626563E+06  0.159175E+07  0.413424E+06  -85.90   97.01    4.06   23.17  143.42   98.28
 0.5275  0.284439E+06  0.492941E+05  0.339659E+06  0.602056E+06  0.167271E+07  0.495979E+06  -85.00   98.50    4.79   28.90  137.63  100.02
 0.5750  0.332791E+06  0.589797E+05  0.316984E+06  0.581506E+06  0.178145E+07  0.585219E+06  -83.95  100.25    5.57   35.46  132.44  101.98
 0.6225  0.383941E+06  0.698567E+05  0.293947E+06  0.566214E+06  0.191577E+07  0.681942E+06  -82.75  102.30    6.38   42.94  128.01  104.19
 0.6700  0.437483E+06  0.819456E+05  0.271042E+06  0.558130E+06  0.207252E+07  0.786181E+06  -81.36  104.71    7.23   51.27  124.46  106.70
 0.7175  0.492994E+06  0.953530E+05  0.248330E+06  0.558442E+06  0.224629E+07  0.898089E+06  -79.77  107.54    8.11   60.38  121.82  109.52
 0.7650  0.550068E+06  0.110159E+06  0.226260E+06  0.568518E+06  0.243285E+07  0.101769E+07  -77.94  110.84    9.03   70.06  120.06  112.73
 0.8125  0.608412E+06  0.126608E+06  0.204686E+06  0.588914E+06  0.262678E+07  0.114583E+07  -75.84  114.69    9.96   80.19  119.13  116.35
 0.8600  0.666356E+06  0.144201E+06  0.184281E+06  0.619166E+06  0.282025E+07  0.128002E+07  -73.45  119.15   10.93   90.47  119.02  120.43
 0.9075  0.723726E+06  0.163320E+06  0.164714E+06  0.658259E+06  0.300728E+07  0.142118E+07  -70.74  124.28   11.90  100.88  119.64  125.04
 0.9550  0.778159E+06  0.183149E+06  0.146267E+06  0.704314E+06  0.317983E+07  0.156495E+07  -67.69  130.12   12.87  111.33  120.96  130.21
 1.0025  0.828381E+06  0.203448E+06  0.129173E+06  0.754652E+06  0.332966E+07  0.170943E+07  -64.31  136.69   13.86  121.82  122.91  135.96
 1.0500  0.872974E+06  0.223857E+06  0.113215E+06  0.806793E+06  0.344915E+07  0.185152E+07  -60.62  143.98   14.80  132.41  125.41  142.31
 1.0975  0.907750E+06  0.242283E+06  0.985701E+05  0.854338E+06  0.352535E+07  0.198015E+07  -56.67  151.97   15.71  143.08  128.37  149.20
 1.1450  0.932435E+06  0.258664E+06  0.853660E+05  0.895881E+06  0.355647E+07  0.209364E+07  -52.54  160.55   16.62  153.82  131.69  156.58
 1.1925  0.944877E+06  0.271396E+06  0.734272E+05  0.923912E+06  0.353380E+07  0.218304E+07  -48.35  169.58   17.42  164.59  135.21  164.36
 1.2400  0.945676E+06  0.280443E+06  0.626963E+05  0.940295E+06  0.346518E+07  0.224812E+07  -44.23  178.92   18.06  175.32  138.76  172.40
 1.2875  0.933929E+06  0.284234E+06  0.532701E+05  0.938403E+06  0.334762E+07  0.228092E+07  -40.31 -171.60   18.75 -174.14  142.21 -179.45
 1.3350  0.913617E+06  0.284240E+06  0.450457E+05  0.924916E+06  0.320202E+07  0.228946E+07  -36.68 -162.08   19.38 -163.80  145.44 -171.25
 1.3825  0.886693E+06  0.280496E+06  0.378570E+05  0.897668E+06  0.303278E+07  0.227483E+07  -33.43 -152.63   19.87 -153.71  148.34 -163.06
 1.4300  0.856296E+06  0.274202E+06  0.316170E+05  0.863301E+06  0.285689E+07  0.224374E+07  -30.55 -143.31   20.20 -143.90  150.92 -154.88
 1.4775  0.823189E+06  0.264707E+06  0.262176E+05  0.817951E+06  0.267430E+07  0.219241E+07  -28.07 -134.12   20.53 -134.37  153.12 -146.75
 1.5250  0.791028E+06  0.254049E+06  0.216620E+05  0.771197E+06  0.250331E+07  0.213117E+07  -25.85 -124.98   20.97 -125.01  155.11 -138.54
 1.5725  0.759335E+06  0.241438E+06  0.177666E+05  0.716667E+06  0.233512E+07  0.205551E+07  -23.89 -115.92   21.25 -115.76  156.84 -130.26
 1.6200  0.730254E+06  0.228695E+06  0.144533E+05  0.663722E+06  0.218200E+07  0.197313E+07  -22.01 -106.88   21.21 -106.62  158.51 -121.75
 1.6675  0.701579E+06  0.214552E+06  0.116844E+05  0.608804E+06  0.203721E+07  0.187564E+07  -20.12  -97.79   21.13  -97.48  160.21 -113.13
 1.7150  0.672746E+06  0.199293E+06  0.934925E+04  0.550922E+06  0.189499E+07  0.176163E+07  -18.24  -88.77   20.57  -88.41  161.90 -104.42
 1.7625  0.643708E+06  0.184077E+06  0.745011E+04  0.496830E+06  0.176107E+07  0.164001E+07  -16.26  -79.83   20.39  -79.48  163.76  -95.56
 1.8100  0.613144E+06  0.168361E+06  0.587328E+04  0.440920E+06  0.162426E+07  0.150818E+07  -14.32  -71.03   19.34  -70.63  165.54  -86.67
 1.8575  0.582118E+06  0.153394E+06  0.460825E+04  0.390232E+06  0.149394E+07  0.137401E+07  -12.38  -62.40   17.49  -61.96  167.33  -77.67
 1.9050  0.549603E+06  0.138909E+06  0.360251E+04  0.343532E+06  0.136696E+07  0.123593E+07  -10.58  -54.03   15.33  -53.54  169.02  -68.76
 1.9525  0.516211E+06  0.125165E+06  0.282680E+04  0.299854E+06  0.124221E+07  0.109655E+07   -9.06  -45.88   11.59  -45.27  170.37  -59.98
 2.0000  0.483333E+06  0.112681E+06  0.222052E+04  0.261647E+06  0.112524E+07  0.962648E+06   -7.82  -37.94    7.74  -37.16  171.49  -51.14
Zone t="Diffraction force - beta =   8.000 deg",I=    41,F=POINT
 0.1000  0.110295E+05  0.151991E+04  0.484169E+06  0.806797E+06  0.161486E+07  0.178177E+05  -89.68   91.21    0.20    0.80  178.46   90.77
 0.1475  0.239520E+05  0.332926E+04  0.476795E+06  0.794426E+06  0.159326E+07  0.387809E+05  -89.49   91.49    0.44    1.76  176.59   91.16
 0.1950  0.416751E+05  0.584473E+04  0.466738E+06  0.777737E+06  0.156723E+07  0.675972E+05  -89.22   91.90    0.76    3.11  173.96   91.71
 0.2425  0.639756E+05  0.904184E+04  0.454169E+06  0.757193E+06  0.154061E+07  0.103989E+06  -88.88   92.42    1.15    4.87  170.54   92.41
 0.2900  0.907624E+05  0.129772E+05  0.439260E+06  0.733323E+06  0.151823E+07  0.147969E+06  -88.46   93.05    1.62    7.09  166.30   93.27
 0.3375  0.121681E+06  0.176058E+05  0.422285E+06  0.706876E+06  0.150583E+07  0.199050E+06  -87.96   93.82    2.15    9.79  161.31   94.28
 0.3850  0.156544E+06  0.229772E+05  0.403546E+06  0.678739E+06  0.150951E+07  0.257189E+06  -87.38   94.74    2.75   13.04  155.71   95.46
 0.4325  0.195022E+06  0.290888E+05  0.383338E+06  0.649847E+06  0.153472E+07  0.322067E+06  -86.69   95.81    3.39   16.90  149.73   96.81
 0.4800  0.237014E+06  0.360605E+05  0.361946E+06  0.621321E+06  0.158584E+07  0.393929E+06  -85.91   97.08    4.09   21.48  143.67   98.35
 0.5275  0.282262E+06  0.439594E+05  0.339645E+06  0.594294E+06  0.166477E+07  0.472716E+06  -85.00   98.57    4.83   26.84  137.88  100.09
 0.5750  0.330216E+06  0.527295E+05  0.316966E+06  0.570440E+06  0.177130E+07  0.557944E+06  -83.96  100.33    5.61   33.06  132.67  102.07
 0.6225  0.380931E+06  0.626333E+05  0.293925E+06  0.550947E+06  0.190327E+07  0.650393E+06  -82.76  102.40    6.43   40.24  128.22  104.29
 0.6700  0.434004E+06  0.736982E+05  0.271016E+06  0.537751E+06  0.205760E+07  0.750127E+06  -81.37  104.84    7.29   48.36  124.65  106.81
 0.7175  0.489011E+06  0.860376E+05  0.248300E+06  0.532148E+06  0.222890E+07  0.857321E+06  -79.79  107.71    8.18   57.40  121.97  109.65
 0.7650  0.545547E+06  0.997385E+05  0.226226E+06  0.535744E+06  0.241297E+07  0.972017E+06  -77.96  111.07    9.10   67.20  120.19  112.87
 0.8125  0.603319E+06  0.115049E+06  0.204649E+06  0.549393E+06  0.260441E+07  0.109508E+07  -75.87  114.99   10.04   77.62  119.23  116.50
 0.8600  0.660677E+06  0.131507E+06  0.184243E+06  0.573094E+06  0.279546E+07  0.122416E+07  -73.49  119.54   11.02   88.32  119.09  120.60
 0.9075  0.717448E+06  0.149497E+06  0.164675E+06  0.606117E+06  0.298017E+07  0.136014E+07  -70.80  124.76   11.99   99.24  119.68  125.23
 0.9550  0.771303E+06  0.168258E+06  0.146228E+06  0.646881E+06  0.315061E+07  0.149891E+07  -67.77  130.72   12.98  110.23  120.96  130.42
 1.0025  0.820991E+06  0.187581E+06  0.129135E+06  0.692921E+06  0.329863E+07  0.163863E+07  -64.40  137.42   13.98  121.23  122.88  136.19
 1.0500  0.865123E+06  0.207144E+06  0.113179E+06  0.741890E+06  0.341676E+07  0.177633E+07  -60.74  144.85   14.94  132.30  125.35  142.57
 1.0975  0.899582E+06  0.224959E+06  0.985352E+05  0.787626E+06  0.349223E+07  0.190137E+07  -56.81  152.98   15.86  143.39  128.28  149.48
 1.1450  0.924109E+06  0.240975E+06  0.853322E+05  0.828699E+06  0.352332E+07  0.201208E+07  -52.71  161.70   16.78  154.49  131.57  156.88
 1.1925  0.936597E+06  0.253647E+06  0.733931E+05  0.857735E+06  0.350147E+07  0.209974E+07  -48.55  170.88   17.60  165.58  135.05  164.68
 1.2400  0.937641E+06  0.262932E+06  0.626603E+05  0.876356E+06  0.343444E+07  0.216411E+07  -44.45 -179.63   18.26  176.58  138.57  172.74
 1.2875  0.926349E+06  0.267286E+06  0.532308E+05  0.877933E+06  0.331921E+07  0.219738E+07  -40.56 -170.01   18.98 -172.65  141.98 -179.10
 1.3350  0.906641E+06  0.268095E+06  0.450010E+05  0.868651E+06  0.317639E+07  0.220724E+07  -36.95 -160.35   19.63 -162.11  145.19 -170.89
 1.3825  0.880425E+06  0.265352E+06  0.378060E+05  0.846234E+06  0.301024E+07  0.219462E+07  -33.72 -150.78   20.16 -151.86  148.08 -162.69
 1.4300  0.850776E+06  0.260181E+06  0.315598E+05  0.816890E+06  0.283746E+07  0.216597E+07  -30.84 -141.34   20.51 -141.91  150.64 -154.52
 1.4775  0.818410E+06  0.251933E+06  0.261546E+05  0.776793E+06  0.265785E+07  0.211753E+07  -28.36 -132.05   20.88 -132.26  152.84 -146.41
 1.5250  0.786922E+06  0.242551E+06  0.215939E+05  0.735061E+06  0.248948E+07  0.205922E+07  -26.13 -122.82   21.34 -122.81  154.83 -138.22
 1.5725  0.755800E+06  0.231258E+06  0.176952E+05  0.685585E+06  0.232351E+07  0.198660E+07  -24.15 -113.68   21.64 -113.48  156.58 -129.97
 1.6200  0.727160E+06  0.219789E+06  0.143808E+05  0.637272E+06  0.217210E+07  0.190701E+07  -22.25 -104.59   21.62 -104.28  158.27 -121.50
 1.6675  0.698804E+06  0.206920E+06  0.116128E+05  0.586710E+06  0.202857E+07  0.181229E+07  -20.33  -95.45   21.54  -95.10  160.01 -112.93
 1.7150  0.670165E+06  0.192899E+06  0.928042E+04  0.532950E+06  0.188719E+07  0.170102E+07  -18.42  -86.39   20.97  -86.00  161.72 -104.28
 1.7625  0.641236E+06  0.178830E+06  0.738617E+04  0.482404E+06  0.175385E+07  0.158184E+07  -16.41  -77.44   20.76  -77.06  163.61  -95.51
 1.8100  0.610714E+06  0.164183E+06  0.581584E+04  0.429811E+06  0.161739E+07  0.145224E+07  -14.43  -68.65   19.66  -68.21  165.42  -86.73
 1.8575  0.579698E+06  0.150148E+06  0.455830E+04  0.381857E+06  0.148733E+07  0.131986E+07  -12.46  -60.04   17.75  -59.56  167.24  -77.85
 1.9050  0.547177E+06  0.136481E+06  0.356079E+04  0.337419E+06  0.136057E+07  0.118339E+07  -10.64  -51.72   15.51  -51.19  168.95  -69.12
 1.9525  0.513763E+06  0.123446E+06  0.279332E+04  0.295685E+06  0.123597E+07  0.104549E+07   -9.10  -43.64   11.67  -42.98  170.33  -60.55
 2.0000  0.480860E+06  0.111534E+06  0.219508E+04  0.258975E+06  0.111916E+07  0.912738E+06   -7.83  -35.80    7.72  -34.98  171.47  -51.98
Zone t="Diffraction force - beta =   9.000 deg",I=    41,F=POINT
 0.1000  0.109450E+05  0.131222E+04  0.484169E+06  0.806788E+06  0.161484E+07  0.169127E+05  -89.67   91.35    0.20    0.74  178.47   90.80
 0.1475  0.237681E+05  0.287810E+04  0.476795E+06  0.794387E+06  0.159320E+07  0.368143E+05  -89.48   91.63    0.44    1.62  176.63   91.19
 0.1950  0.413541E+05  0.505943E+04  0.466738E+06  0.777619E+06  0.156704E+07  0.641720E+05  -89.22   92.03    0.76    2.86  174.02   91.74
 0.2425  0.634815E+05  0.783589E+04  0.454168E+06  0.756913E+06  0.154015E+07  0.987276E+05  -88.88   92.54    1.16    4.47  170.63   92.45
 0.2900  0.900585E+05  0.112654E+05  0.439258E+06  0.732741E+06  0.151728E+07  0.140496E+06  -88.46   93.16    1.63    6.50  166.43   93.31
 0.3375  0.120733E+06  0.153095E+05  0.422282E+06  0.705794E+06  0.150412E+07  0.189022E+06  -87.96   93.92    2.17    8.98  161.48   94.33
 0.3850  0.155318E+06  0.200210E+05  0.403541E+06  0.676876E+06  0.150670E+07  0.244272E+06  -87.38   94.82    2.76   11.96  155.92   95.51
 0.4325  0.193485E+06  0.254028E+05  0.383330E+06  0.646828E+06  0.153044E+07  0.305954E+06  -86.70   95.89    3.41   15.51  149.96   96.87
 0.4800  0.235131E+06  0.315761E+05  0.361936E+06  0.616648E+06  0.157975E+07  0.374315E+06  -85.91   97.15    4.11   19.74  143.92   98.42
 0.5275  0.279999E+06  0.386117E+05  0.339631E+06  0.587332E+06  0.165660E+07  0.449308E+06  -85.00   98.64    4.86   24.73  138.13  100.17
 0.5750  0.327540E+06  0.464638E+05  0.316948E+06  0.560435E+06  0.176084E+07  0.530502E+06  -83.96  100.41    5.65   30.56  132.92  102.15
 0.6225  0.377806E+06  0.553920E+05  0.293903E+06  0.536998E+06  0.189038E+07  0.618651E+06  -82.77  102.50    6.47   37.37  128.44  104.39
 0.6700  0.430395E+06  0.654303E+05  0.270990E+06  0.518894E+06  0.204221E+07  0.713849E+06  -81.39  104.98    7.34   45.21  124.84  106.92
 0.7175  0.484882E+06  0.766990E+05  0.248270E+06  0.507462E+06  0.221097E+07  0.816298E+06  -79.80  107.90    8.23   54.10  122.14  109.77
 0.7650  0.540864E+06  0.892921E+05  0.226193E+06  0.504502E+06  0.239248E+07  0.926060E+06  -77.99  111.33    9.16   63.94  120.32  113.00
 0.8125  0.598048E+06  0.103463E+06  0.204613E+06  0.511158E+06  0.258137E+07  0.104401E+07  -75.91  115.33   10.11   74.62  119.33  116.65
 0.8600  0.654806E+06  0.118784E+06  0.184205E+06  0.527956E+06  0.276992E+07  0.116793E+07  -73.54  119.98   11.10   85.77  119.16  120.77
 0.9075  0.710964E+06  0.135645E+06  0.164636E+06  0.554524E+06  0.295227E+07  0.129870E+07  -70.86  125.32   12.08   97.26  119.72  125.42
 0.9550  0.764230E+06  0.153340E+06  0.146190E+06  0.589661E+06  0.312055E+07  0.143241E+07  -67.84  131.40   13.08  108.87  120.97  130.62
 1.0025  0.813376E+06  0.171694E+06  0.129098E+06  0.631163E+06  0.326675E+07  0.156734E+07  -64.50  138.25   14.09  120.48  122.85  136.42
 1.0500  0.857041E+06  0.190422E+06  0.113143E+06  0.676831E+06  0.338349E+07  0.170060E+07  -60.86  145.82   15.06  132.12  125.29  142.81
 1.0975  0.891182E+06  0.207641E+06  0.985012E+05  0.720734E+06  0.345825E+07  0.182199E+07  -56.96  154.12   16.00  143.71  128.18  149.75
 1.1450  0.915555E+06  0.223314E+06  0.852996E+05  0.761394E+06  0.348934E+07  0.192986E+07  -52.88  163.00   16.94  155.23  131.44  157.18
 1.1925  0.928097E+06  0.235952E+06  0.733601E+05  0.791547E+06  0.346837E+07  0.201572E+07  -48.75  172.34   17.78  166.69  134.88  164.99
 1.2400  0.929398E+06  0.245505E+06  0.626254E+05  0.812550E+06  0.340297E+07  0.207932E+07  -44.68 -178.02   18.46  177.98  138.37  173.06
 1.2875  0.918574E+06  0.250453E+06  0.531926E+05  0.817746E+06  0.329014E+07  0.211301E+07  -40.82 -168.25   19.20 -170.99  141.75 -178.76
 1.3350  0.899482E+06  0.252093E+06  0.449575E+05  0.812801E+06  0.315015E+07  0.212412E+07  -37.23 -158.45   19.88 -160.25  144.93 -170.55
 1.3825  0.873984E+06  0.250376E+06  0.377565E+05  0.795324E+06  0.298715E+07  0.211345E+07  -34.01 -148.75   20.44 -149.82  147.80 -162.35
 1.4300  0.845089E+06  0.246349E+06  0.315040E+05  0.771078E+06  0.281750E+07  0.208717E+07  -31.14 -139.21   20.82 -139.74  150.36 -154.19
 1.4775  0.813464E+06  0.239359E+06  0.260932E+05  0.736277E+06  0.264090E+07  0.204156E+07  -28.66 -129.82   21.21 -129.98  152.55 -146.09
 1.5250  0.782646E+06  0.231260E+06  0.215274E+05  0.699573E+06  0.247514E+07  0.198612E+07  -26.42 -120.51   21.70 -120.45  154.55 -137.93
 1.5725  0.752085E+06  0.221284E+06  0.176255E+05  0.655137E+06  0.231138E+07  0.191648E+07  -24.42 -111.30   22.02 -111.05  156.32 -129.71
 1.6200  0.723875E+06  0.211079E+06  0.143098E+05  0.611413E+06  0.216166E+07  0.183965E+07  -22.49 -102.17   22.01 -101.82  158.04 -121.29
 1.6675  0.695826E+06  0.199468E+06  0.115427E+05  0.565144E+06  0.201937E+07  0.174767E+07  -20.54  -93.01   21.93  -92.62  159.80 -112.78
 1.7150  0.667373E+06  0.186667E+06  0.921306E+04  0.515437E+06  0.187883E+07  0.163914E+07  -18.59  -83.94   21.35  -83.50  161.54 -104.20
 1.7625  0.638548E+06  0.173717E+06  0.732361E+04  0.468353E+06  0.174605E+07  0.152243E+07  -16.55  -75.00   21.11  -74.58  163.46  -95.53
 1.8100  0.608067E+06  0.160112E+06  0.575964E+04  0.418992E+06  0.160997E+07  0.139514E+07  -14.54  -66.23   19.97  -65.75  165.30  -86.87
 1.8575  0.577065E+06  0.146980E+06  0.450945E+04  0.373686E+06  0.148020E+07  0.126466E+07  -12.54  -57.67   18.00  -57.16  167.15  -78.15
 1.9050  0.544545E+06  0.134099E+06  0.351996E+04  0.331428E+06  0.135368E+07  0.112994E+07  -10.70  -49.43   15.68  -48.86  168.88  -69.62
 1.9525  0.511120E+06  0.121743E+06  0.276053E+04  0.291561E+06  0.122928E+07  0.993718E+06   -9.13  -41.44   11.74  -40.74  170.28  -61.30
 2.0000  0.478202E+06  0.110376E+06  0.217011E+04  0.256278E+06  0.111266E+07  0.862393E+06   -7.84  -33.73    7.69  -32.86  171.44  -53.05
Zone t="Diffraction force - beta =  10.000 deg",I=    41,F=POINT
 0.1000  0.108572E+05  0.110416E+04  0.484169E+06  0.806782E+06  0.161483E+07  0.160026E+05  -89.67   91.56    0.21    0.67  178.49   90.83
 0.1475  0.235769E+05  0.242608E+04  0.476795E+06  0.794354E+06  0.159314E+07  0.348363E+05  -89.48   91.83    0.44    1.47  176.66   91.22
 0.1950  0.410204E+05  0.427260E+04  0.466737E+06  0.777519E+06  0.156684E+07  0.607272E+05  -89.22   92.21    0.77    2.60  174.09   91.78
 0.2425  0.629681E+05  0.662758E+04  0.454167E+06  0.756670E+06  0.153967E+07  0.934361E+05  -88.88   92.70    1.17    4.07  170.73   92.48
 0.2900  0.893272E+05  0.955025E+04  0.439257E+06  0.732236E+06  0.151631E+07  0.132981E+06  -88.46   93.31    1.64    5.92  166.57   93.35
 0.3375  0.119748E+06  0.130087E+05  0.422279E+06  0.704858E+06  0.150237E+07  0.178936E+06  -87.96   94.05    2.18    8.17  161.66   94.38
 0.3850  0.154045E+06  0.170588E+05  0.403536E+06  0.675261E+06  0.150382E+07  0.231281E+06  -87.38   94.93    2.78   10.88  156.13   95.57
 0.4325  0.191889E+06  0.217094E+05  0.383323E+06  0.644203E+06  0.152606E+07  0.289749E+06  -86.70   95.98    3.43   14.11  150.21   96.93
 0.4800  0.233177E+06  0.270823E+05  0.361925E+06  0.612560E+06  0.157351E+07  0.354588E+06  -85.91   97.23    4.14   17.98  144.18   98.49
 0.5275  0.277651E+06  0.332529E+05  0.339617E+06  0.581208E+06  0.164820E+07  0.425766E+06  -85.01   98.72    4.89   22.56  138.39  100.25
 0.5750  0.324766E+06  0.401848E+05  0.316930E+06  0.551561E+06  0.175008E+07  0.502900E+06  -83.97  100.50    5.68   27.96  133.17  102.24
 0.6225  0.374568E+06  0.481351E+05  0.293881E+06  0.524488E+06  0.187713E+07  0.586722E+06  -82.78  102.62    6.52   34.35  128.67  104.49
 0.6700  0.426656E+06  0.571444E+05  0.270964E+06  0.501756E+06  0.202637E+07  0.677359E+06  -81.40  105.14    7.39   41.82  125.04  107.02
 0.7175  0.480607E+06  0.673400E+05  0.248240E+06  0.484660E+06  0.219250E+07  0.775035E+06  -79.83  108.12    8.29   50.46  122.30  109.89
 0.7650  0.536020E+06  0.788233E+05  0.226160E+06  0.475133E+06  0.237139E+07  0.879832E+06  -78.02  111.63    9.23   60.24  120.46  113.13
 0.8125  0.592602E+06  0.918525E+05  0.204577E+06  0.474570E+06  0.255764E+07  0.992624E+06  -75.95  115.72   10.18   71.12  119.43  116.80
 0.8600  0.648745E+06  0.106036E+06  0.184167E+06  0.484070E+06  0.274366E+07  0.111136E+07  -73.59  120.49   11.18   82.70  119.23  120.93
 0.9075  0.704277E+06  0.121771E+06  0.164598E+06  0.503714E+06  0.292358E+07  0.123688E+07  -70.92  125.96   12.17   94.83  119.75  125.59
 0.9550  0.756942E+06  0.138405E+06  0.146152E+06  0.532793E+06  0.308966E+07  0.136549E+07  -67.93  132.20   13.18  107.17  120.97  130.82
 1.0025  0.805537E+06  0.155799E+06  0.129061E+06  0.569444E+06  0.323401E+07  0.149557E+07  -64.61  139.20   14.20  119.53  122.82  136.64
 1.0500  0.848731E+06  0.173707E+06  0.113108E+06  0.611643E+06  0.334936E+07  0.162434E+07  -60.99  146.94   15.18  131.86  125.22  143.05
 1.0975  0.882553E+06  0.190351E+06  0.984680E+05  0.653684E+06  0.342342E+07  0.174204E+07  -57.11  155.41   16.13  144.05  128.08  150.01
 1.1450  0.906776E+06  0.205707E+06  0.852677E+05  0.694004E+06  0.345453E+07  0.184701E+07  -53.07  164.47   17.08  156.07  131.30  157.46
 1.1925  0.919380E+06  0.218344E+06  0.733280E+05  0.725420E+06  0.343448E+07  0.193102E+07  -48.97  173.98   17.94  167.94  134.70  165.29
 1.2400  0.920950E+06  0.228197E+06  0.625917E+05  0.748978E+06  0.337078E+07  0.199378E+07  -44.93 -176.22   18.64  179.58  138.16  173.38
 1.2875  0.910605E+06  0.233776E+06  0.531557E+05  0.757969E+06  0.326040E+07  0.202783E+07  -41.09 -166.29   19.41 -169.12  141.51 -178.44
 1.3350  0.892141E+06  0.236280E+06  0.449155E+05  0.757515E+06  0.312331E+07  0.204012E+07  -37.52 -156.35   20.12 -158.17  144.67 -170.22
 1.3825  0.867371E+06  0.235615E+06  0.377083E+05  0.745099E+06  0.296350E+07  0.203135E+07  -34.32 -146.53   20.70 -147.57  147.52 -162.03
 1.4300  0.839235E+06  0.232750E+06  0.314497E+05  0.726021E+06  0.279703E+07  0.200738E+07  -31.45 -136.88   21.11 -137.37  150.06 -153.87
 1.4775  0.808353E+06  0.227030E+06  0.260334E+05  0.696552E+06  0.262344E+07  0.196454E+07  -28.97 -127.40   21.53 -127.50  152.26 -145.80
 1.5250  0.778198E+06  0.220216E+06  0.214625E+05  0.664868E+06  0.246029E+07  0.191190E+07  -26.71 -118.03   22.04 -117.91  154.27 -137.67
 1.5725  0.748190E+06  0.211550E+06  0.175574E+05  0.625439E+06  0.229871E+07  0.184520E+07  -24.69 -108.78   22.38 -108.46  156.06 -129.50
 1.6200  0.720399E+06  0.202593E+06  0.142405E+05  0.586238E+06  0.215067E+07  0.177110E+07  -22.73  -99.62   22.38  -99.21  157.80 -121.12
 1.6675  0.692645E+06  0.192220E+06  0.114743E+05  0.544178E+06  0.200960E+07  0.168185E+07  -20.74  -90.46   22.31  -90.02  159.59 -112.68
 1.7150  0.664369E+06  0.180612E+06  0.914728E+04  0.498433E+06  0.186989E+07  0.157608E+07  -18.77  -81.39   21.72  -80.91  161.37 -104.20
 1.7625  0.635644E+06  0.168751E+06  0.726248E+04  0.454707E+06  0.173769E+07  0.146188E+07  -16.69  -72.49   21.46  -72.04  163.31  -95.63
 1.8100  0.605204E+06  0.156154E+06  0.570474E+04  0.408480E+06  0.160200E+07  0.133698E+07  -14.65  -63.77   20.28  -63.26  165.18  -87.12
 1.8575  0.574221E+06  0.143890E+06  0.446170E+04  0.365720E+06  0.147254E+07  0.120853E+07  -12.63  -55.29   18.24  -54.74  167.06  -78.58
 1.9050  0.541711E+06  0.131761E+06  0.348004E+04  0.325549E+06  0.134630E+07  0.107576E+07  -10.76  -47.15   15.84  -46.54  168.81  -70.28
 1.9525  0.508286E+06  0.120052E+06  0.272844E+04  0.287468E+06  0.122214E+07  0.941461E+06   -9.16  -39.28   11.81  -38.54  170.24  -62.25
 2.0000  0.475363E+06  0.109201E+06  0.214560E+04  0.253540E+06  0.110575E+07  0.811883E+06   -7.85  -31.72    7.66  -30.80  171.42  -54.39
