2 0
1  10.   5. -10.
2  10.     5.    -8.75
3  10.    5.   -7.5
4  10.     5.    -6.25
5  10.   5.  -5.
6  10.     5.    -3.75
7  10.    5.   -2.5
8  10.     5.    -1.25
9  10.   5.   0.
10   9.090909   4.090909 -10.      
11  9.090909  4.090909 -8.75    
12  9.090909  4.090909 -7.5     
13  9.090909  4.090909 -6.25    
14  9.090909  4.090909 -5.      
15  9.090909  4.090909 -3.75    
16  9.090909  4.090909 -2.5     
17  9.090909  4.090909 -1.25    
18  9.090909  4.090909  0.      
19   8.18181801   3.18181801 -10.        
20  8.18181801  3.18181801 -8.75      
21  8.18181801  3.18181801 -7.5       
22  8.18181801  3.18181801 -6.25      
23  8.18181801  3.18181801 -5.        
24  8.18181801  3.18181801 -3.75      
25  8.18181801  3.18181801 -2.5       
26  8.18181801  3.18181801 -1.25      
27  8.18181801  3.18181801  0.        
28   7.27272701   2.27272725 -10.        
29  7.27272701  2.27272725 -8.75      
30  7.27272701  2.27272725 -7.5       
31  7.27272701  2.27272725 -6.25      
32  7.27272701  2.27272725 -5.        
33  7.27272701  2.27272725 -3.75      
34  7.27272701  2.27272725 -2.5       
35  7.27272701  2.27272725 -1.25      
36  7.27272701  2.27272725  0.        
37   6.36363602   1.36363626 -10.        
38  6.36363602  1.36363626 -8.75      
39  6.36363602  1.36363626 -7.5       
40  6.36363602  1.36363626 -6.25      
41  6.36363602  1.36363626 -5.        
42  6.36363602  1.36363626 -3.75      
43  6.36363602  1.36363626 -2.5       
44  6.36363602  1.36363626 -1.25      
45  6.36363602  1.36363626  0.        
46   5.4545455   0.4545455 -10.       
47  5.4545455  0.4545455 -8.75     
48  5.4545455  0.4545455 -7.5      
49  5.4545455  0.4545455 -6.25     
50  5.4545455  0.4545455 -5.       
51  5.4545455  0.4545455 -3.75     
52  5.4545455  0.4545455 -2.5      
53  5.4545455  0.4545455 -1.25     
54  5.4545455  0.4545455  0.       
55   4.5454545  -0.4545455 -10.       
56  4.5454545 -0.4545455 -8.75     
57  4.5454545 -0.4545455 -7.5      
58  4.5454545 -0.4545455 -6.25     
59  4.5454545 -0.4545455 -5.       
60  4.5454545 -0.4545455 -3.75     
61  4.5454545 -0.4545455 -2.5      
62  4.5454545 -0.4545455 -1.25     
63  4.5454545 -0.4545455  0.       
64   3.63636351  -1.36363649 -10.        
65  3.63636351 -1.36363649 -8.75      
66  3.63636351 -1.36363649 -7.5       
67  3.63636351 -1.36363649 -6.25      
68  3.63636351 -1.36363649 -5.        
69  3.63636351 -1.36363649 -3.75      
70  3.63636351 -1.36363649 -2.5       
71  3.63636351 -1.36363649 -1.25      
72  3.63636351 -1.36363649  0.        
73   2.72727251  -2.27272749 -10.        
74  2.72727251 -2.27272749 -8.75      
75  2.72727251 -2.27272749 -7.5       
76  2.72727251 -2.27272749 -6.25      
77  2.72727251 -2.27272749 -5.        
78  2.72727251 -2.27272749 -3.75      
79  2.72727251 -2.27272749 -2.5       
80  2.72727251 -2.27272749 -1.25      
81  2.72727251 -2.27272749  0.        
82   1.81818199  -3.18181801 -10.        
83  1.81818199 -3.18181801 -8.75      
84  1.81818199 -3.18181801 -7.5       
85  1.81818199 -3.18181801 -6.25      
86  1.81818199 -3.18181801 -5.        
87  1.81818199 -3.18181801 -3.75      
88  1.81818199 -3.18181801 -2.5       
89  1.81818199 -3.18181801 -1.25      
90  1.81818199 -3.18181801  0.        
91   0.909091  -4.090909 -10.      
92  0.909091 -4.090909 -8.75    
93  0.909091 -4.090909 -7.5     
94  0.909091 -4.090909 -6.25    
95  0.909091 -4.090909 -5.      
96  0.909091 -4.090909 -3.75    
97  0.909091 -4.090909 -2.5     
98  0.909091 -4.090909 -1.25    
99  0.909091 -4.090909  0.      
100   0.  -5. -10.
101  0.   -5.   -8.75
102  0.  -5.  -7.5
103  0.   -5.   -6.25
104  0. -5. -5.
105  0.   -5.   -3.75
106  0.  -5.  -2.5
107  0.   -5.   -1.25
108  0. -5.  0.
109   0.   5. -10.
110  0.    5.   -8.75
111  0.   5.  -7.5
112  0.    5.   -6.25
113  0.  5. -5.
114  0.    5.   -3.75
115  0.   5.  -2.5
116  0.    5.   -1.25
117  0.  5.  0.
118   1.25   5.   -10.  
119  1.25  5.   -8.75
120  1.25  5.   -7.5 
121  1.25  5.   -6.25
122  1.25  5.   -5.  
123  1.25  5.   -3.75
124  1.25  5.   -2.5 
125  1.25  5.   -1.25
126  1.25  5.    0.  
127   2.5   5.  -10. 
128  2.5   5.   -8.75
129  2.5  5.  -7.5
130  2.5   5.   -6.25
131  2.5  5.  -5. 
132  2.5   5.   -3.75
133  2.5  5.  -2.5
134  2.5   5.   -1.25
135  2.5  5.   0. 
136   3.75   5.   -10.  
137  3.75  5.   -8.75
138  3.75  5.   -7.5 
139  3.75  5.   -6.25
140  3.75  5.   -5.  
141  3.75  5.   -3.75
142  3.75  5.   -2.5 
143  3.75  5.   -1.25
144  3.75  5.    0.  
145   5.   5. -10.
146  5.    5.   -8.75
147  5.   5.  -7.5
148  5.    5.   -6.25
149  5.  5. -5.
150  5.    5.   -3.75
151  5.   5.  -2.5
152  5.    5.   -1.25
153  5.  5.  0.
154   6.25   5.   -10.  
155  6.25  5.   -8.75
156  6.25  5.   -7.5 
157  6.25  5.   -6.25
158  6.25  5.   -5.  
159  6.25  5.   -3.75
160  6.25  5.   -2.5 
161  6.25  5.   -1.25
162  6.25  5.    0.  
163   7.5   5.  -10. 
164  7.5   5.   -8.75
165  7.5  5.  -7.5
166  7.5   5.   -6.25
167  7.5  5.  -5. 
168  7.5   5.   -3.75
169  7.5  5.  -2.5
170  7.5   5.   -1.25
171  7.5  5.   0. 
172   8.75   5.   -10.  
173  8.75  5.   -8.75
174  8.75  5.   -7.5 
175  8.75  5.   -6.25
176  8.75  5.   -5.  
177  8.75  5.   -3.75
178  8.75  5.   -2.5 
179  8.75  5.   -1.25
180  8.75  5.    0.  
181  10.   5. -10.
182  10.     5.    -8.75
183  10.    5.   -7.5
184  10.     5.    -6.25
185  10.   5.  -5.
186  10.     5.    -3.75
187  10.    5.   -2.5
188  10.     5.    -1.25
189  10.   5.   0.
190   0.  -5. -10.
191  0.   -5.   -8.75
192  0.  -5.  -7.5
193  0.   -5.   -6.25
194  0. -5. -5.
195  0.   -5.   -3.75
196  0.  -5.  -2.5
197  0.   -5.   -1.25
198  0. -5.  0.
199   0.    -3.75 -10.  
200  0.   -3.75 -8.75
201  0.   -3.75 -7.5 
202  0.   -3.75 -6.25
203  0.   -3.75 -5.  
204  0.   -3.75 -3.75
205  0.   -3.75 -2.5 
206  0.   -3.75 -1.25
207  0.   -3.75  0.  
208   0.   -2.5 -10. 
209  0.   -2.5  -8.75
210  0.  -2.5 -7.5
211  0.   -2.5  -6.25
212  0.  -2.5 -5. 
213  0.   -2.5  -3.75
214  0.  -2.5 -2.5
215  0.   -2.5  -1.25
216  0.  -2.5  0. 
217   0.    -1.25 -10.  
218  0.   -1.25 -8.75
219  0.   -1.25 -7.5 
220  0.   -1.25 -6.25
221  0.   -1.25 -5.  
222  0.   -1.25 -3.75
223  0.   -1.25 -2.5 
224  0.   -1.25 -1.25
225  0.   -1.25  0.  
226   0.   0. -10.
227  0.    0.   -8.75
228  0.   0.  -7.5
229  0.    0.   -6.25
230  0.  0. -5.
231  0.    0.   -3.75
232  0.   0.  -2.5
233  0.    0.   -1.25
234  0.  0.  0.
235   0.     1.25 -10.  
236  0.    1.25 -8.75
237  0.    1.25 -7.5 
238  0.    1.25 -6.25
239  0.    1.25 -5.  
240  0.    1.25 -3.75
241  0.    1.25 -2.5 
242  0.    1.25 -1.25
243  0.    1.25  0.  
244   0.    2.5 -10. 
245  0.    2.5  -8.75
246  0.   2.5 -7.5
247  0.    2.5  -6.25
248  0.   2.5 -5. 
249  0.    2.5  -3.75
250  0.   2.5 -2.5
251  0.    2.5  -1.25
252  0.   2.5  0. 
253   0.     3.75 -10.  
254  0.    3.75 -8.75
255  0.    3.75 -7.5 
256  0.    3.75 -6.25
257  0.    3.75 -5.  
258  0.    3.75 -3.75
259  0.    3.75 -2.5 
260  0.    3.75 -1.25
261  0.    3.75  0.  
262   0.   5. -10.
263  0.    5.   -8.75
264  0.   5.  -7.5
265  0.    5.   -6.25
266  0.  5. -5.
267  0.    5.   -3.75
268  0.   5.  -2.5
269  0.    5.   -1.25
270  0.  5.  0.
271   0.   5. -10.
272   1.25   5.   -10.  
273   2.5   5.  -10. 
274   3.75   5.   -10.  
275   5.   5. -10.
276   6.25   5.   -10.  
277   7.5   5.  -10. 
278   8.75   5.   -10.  
279  10.   5. -10.
280   0.     3.75 -10.  
281   1.25      3.90625 -10.     
282   2.5      4.0625 -10.    
283   3.75      4.21875 -10.     
284   5.      4.375 -10.   
285   6.25      4.53125 -10.     
286   7.5      4.6875 -10.    
287   8.75      4.84375 -10.     
288  10.   5. -10.
289   0.    2.5 -10. 
290   1.25     2.8125 -10.    
291   2.5     3.125 -10.   
292   3.75     3.4375 -10.    
293   5.     3.75 -10.  
294   6.25     4.0625 -10.    
295   7.5     4.375 -10.   
296   8.75     4.6875 -10.    
297  10.   5. -10.
298   0.     1.25 -10.  
299   1.25      1.71875 -10.     
300   2.5      2.1875 -10.    
301   3.75      2.65625 -10.     
302   5.      3.125 -10.   
303   6.25      3.59375 -10.     
304   7.5      4.0625 -10.    
305   8.75      4.53125 -10.     
306  10.   5. -10.
307   0.   0. -10.
308   1.25    0.625 -10.   
309   2.5    1.25 -10.  
310   3.75    1.875 -10.   
311   5.    2.5 -10. 
312   6.25    3.125 -10.   
313   7.5    3.75 -10.  
314   8.75    4.375 -10.   
315  10.   5. -10.
316   0.    -1.25 -10.  
317   1.25     -0.46875 -10.     
318   2.5      0.3125 -10.    
319   3.75      1.09375 -10.     
320   5.      1.875 -10.   
321   6.25      2.65625 -10.     
322   7.5      3.4375 -10.    
323   8.75      4.21875 -10.     
324  10.   5. -10.
325   0.   -2.5 -10. 
326   1.25    -1.5625 -10.    
327   2.5    -0.625 -10.   
328   3.75     0.3125 -10.    
329   5.     1.25 -10.  
330   6.25     2.1875 -10.    
331   7.5     3.125 -10.   
332   8.75     4.0625 -10.    
333  10.   5. -10.
334   0.    -3.75 -10.  
335   1.25     -2.65625 -10.     
336   2.5     -1.5625 -10.    
337   3.75     -0.46875 -10.     
338   5.      0.625 -10.   
339   6.25      1.71875 -10.     
340   7.5      2.8125 -10.    
341   8.75      3.90625 -10.     
342  10.   5. -10.
343   0.  -5. -10.
344   1.25  -3.75 -10.  
345   2.5  -2.5 -10. 
346   3.75  -1.25 -10.  
347   5.   0. -10.
348   6.25   1.25 -10.  
349   7.5   2.5 -10. 
350   8.75   3.75 -10.  
351  10.   5. -10.
0 0 0 0
 1  2 11 10
 2  3 12 11
 3  4 13 12
 4  5 14 13
 5  6 15 14
 6  7 16 15
 7  8 17 16
 8  9 18 17
10 11 20 19
11 12 21 20
12 13 22 21
13 14 23 22
14 15 24 23
15 16 25 24
16 17 26 25
17 18 27 26
19 20 29 28
20 21 30 29
21 22 31 30
22 23 32 31
23 24 33 32
24 25 34 33
25 26 35 34
26 27 36 35
28 29 38 37
29 30 39 38
30 31 40 39
31 32 41 40
32 33 42 41
33 34 43 42
34 35 44 43
35 36 45 44
37 38 47 46
38 39 48 47
39 40 49 48
40 41 50 49
41 42 51 50
42 43 52 51
43 44 53 52
44 45 54 53
46 47 56 55
47 48 57 56
48 49 58 57
49 50 59 58
50 51 60 59
51 52 61 60
52 53 62 61
53 54 63 62
55 56 65 64
56 57 66 65
57 58 67 66
58 59 68 67
59 60 69 68
60 61 70 69
61 62 71 70
62 63 72 71
64 65 74 73
65 66 75 74
66 67 76 75
67 68 77 76
68 69 78 77
69 70 79 78
70 71 80 79
71 72 81 80
73 74 83 82
74 75 84 83
75 76 85 84
76 77 86 85
77 78 87 86
78 79 88 87
79 80 89 88
80 81 90 89
82 83 92 91
83 84 93 92
84 85 94 93
85 86 95 94
86 87 96 95
87 88 97 96
88 89 98 97
89 90 99 98
 91  92 101 100
 92  93 102 101
 93  94 103 102
 94  95 104 103
 95  96 105 104
 96  97 106 105
 97  98 107 106
 98  99 108 107
109 110 119 118
110 111 120 119
111 112 121 120
112 113 122 121
113 114 123 122
114 115 124 123
115 116 125 124
116 117 126 125
118 119 128 127
119 120 129 128
120 121 130 129
121 122 131 130
122 123 132 131
123 124 133 132
124 125 134 133
125 126 135 134
127 128 137 136
128 129 138 137
129 130 139 138
130 131 140 139
131 132 141 140
132 133 142 141
133 134 143 142
134 135 144 143
136 137 146 145
137 138 147 146
138 139 148 147
139 140 149 148
140 141 150 149
141 142 151 150
142 143 152 151
143 144 153 152
145 146 155 154
146 147 156 155
147 148 157 156
148 149 158 157
149 150 159 158
150 151 160 159
151 152 161 160
152 153 162 161
154 155 164 163
155 156 165 164
156 157 166 165
157 158 167 166
158 159 168 167
159 160 169 168
160 161 170 169
161 162 171 170
163 164 173 172
164 165 174 173
165 166 175 174
166 167 176 175
167 168 177 176
168 169 178 177
169 170 179 178
170 171 180 179
172 173 182 181
173 174 183 182
174 175 184 183
175 176 185 184
176 177 186 185
177 178 187 186
178 179 188 187
179 180 189 188
190 191 200 199
191 192 201 200
192 193 202 201
193 194 203 202
194 195 204 203
195 196 205 204
196 197 206 205
197 198 207 206
199 200 209 208
200 201 210 209
201 202 211 210
202 203 212 211
203 204 213 212
204 205 214 213
205 206 215 214
206 207 216 215
208 209 218 217
209 210 219 218
210 211 220 219
211 212 221 220
212 213 222 221
213 214 223 222
214 215 224 223
215 216 225 224
217 218 227 226
218 219 228 227
219 220 229 228
220 221 230 229
221 222 231 230
222 223 232 231
223 224 233 232
224 225 234 233
226 227 236 235
227 228 237 236
228 229 238 237
229 230 239 238
230 231 240 239
231 232 241 240
232 233 242 241
233 234 243 242
235 236 245 244
236 237 246 245
237 238 247 246
238 239 248 247
239 240 249 248
240 241 250 249
241 242 251 250
242 243 252 251
244 245 254 253
245 246 255 254
246 247 256 255
247 248 257 256
248 249 258 257
249 250 259 258
250 251 260 259
251 252 261 260
253 254 263 262
254 255 264 263
255 256 265 264
256 257 266 265
257 258 267 266
258 259 268 267
259 260 269 268
260 261 270 269
271 272 281 280
272 273 282 281
273 274 283 282
274 275 284 283
275 276 285 284
276 277 286 285
277 278 287 286
278 279 288 287
280 281 290 289
281 282 291 290
282 283 292 291
283 284 293 292
284 285 294 293
285 286 295 294
286 287 296 295
287 288 297 296
289 290 299 298
290 291 300 299
291 292 301 300
292 293 302 301
293 294 303 302
294 295 304 303
295 296 305 304
296 297 306 305
298 299 308 307
299 300 309 308
300 301 310 309
301 302 311 310
302 303 312 311
303 304 313 312
304 305 314 313
305 306 315 314
307 308 317 316
308 309 318 317
309 310 319 318
310 311 320 319
311 312 321 320
312 313 322 321
313 314 323 322
314 315 324 323
316 317 326 325
317 318 327 326
318 319 328 327
319 320 329 328
320 321 330 329
321 322 331 330
322 323 332 331
323 324 333 332
325 326 335 334
326 327 336 335
327 328 337 336
328 329 338 337
329 330 339 338
330 331 340 339
331 332 341 340
332 333 342 341
334 335 344 343
335 336 345 344
336 337 346 345
337 338 347 346
338 339 348 347
339 340 349 348
340 341 350 349
341 342 351 350
0 0 0 0