2 0
1  10.   5. -10.
2  10.     5.    -8.75
3  9.090909  4.090909 -8.75    
4   9.090909   4.090909 -10.      
5  10.     5.    -8.75
6  10.    5.   -7.5
7  9.090909  4.090909 -7.5     
8  9.090909  4.090909 -8.75    
9  10.    5.   -7.5
10  10.     5.    -6.25
11  9.090909  4.090909 -6.25    
12  9.090909  4.090909 -7.5     
13  10.     5.    -6.25
14  10.   5.  -5.
15  9.090909  4.090909 -5.      
16  9.090909  4.090909 -6.25    
17  10.   5.  -5.
18  10.     5.    -3.75
19  9.090909  4.090909 -3.75    
20  9.090909  4.090909 -5.      
21  10.     5.    -3.75
22  10.    5.   -2.5
23  9.090909  4.090909 -2.5     
24  9.090909  4.090909 -3.75    
25  10.    5.   -2.5
26  10.     5.    -1.25
27  9.090909  4.090909 -1.25    
28  9.090909  4.090909 -2.5     
29  10.     5.    -1.25
30  10.   5.   0.
31  9.090909  4.090909  0.      
32  9.090909  4.090909 -1.25    
33   9.090909   4.090909 -10.      
34  9.090909  4.090909 -8.75    
35  8.18181801  3.18181801 -8.75      
36   8.18181801   3.18181801 -10.        
37  9.090909  4.090909 -8.75    
38  9.090909  4.090909 -7.5     
39  8.18181801  3.18181801 -7.5       
40  8.18181801  3.18181801 -8.75      
41  9.090909  4.090909 -7.5     
42  9.090909  4.090909 -6.25    
43  8.18181801  3.18181801 -6.25      
44  8.18181801  3.18181801 -7.5       
45  9.090909  4.090909 -6.25    
46  9.090909  4.090909 -5.      
47  8.18181801  3.18181801 -5.        
48  8.18181801  3.18181801 -6.25      
49  9.090909  4.090909 -5.      
50  9.090909  4.090909 -3.75    
51  8.18181801  3.18181801 -3.75      
52  8.18181801  3.18181801 -5.        
53  9.090909  4.090909 -3.75    
54  9.090909  4.090909 -2.5     
55  8.18181801  3.18181801 -2.5       
56  8.18181801  3.18181801 -3.75      
57  9.090909  4.090909 -2.5     
58  9.090909  4.090909 -1.25    
59  8.18181801  3.18181801 -1.25      
60  8.18181801  3.18181801 -2.5       
61  9.090909  4.090909 -1.25    
62  9.090909  4.090909  0.      
63  8.18181801  3.18181801  0.        
64  8.18181801  3.18181801 -1.25      
65   8.18181801   3.18181801 -10.        
66  8.18181801  3.18181801 -8.75      
67  7.27272701  2.27272725 -8.75      
68   7.27272701   2.27272725 -10.        
69  8.18181801  3.18181801 -8.75      
70  8.18181801  3.18181801 -7.5       
71  7.27272701  2.27272725 -7.5       
72  7.27272701  2.27272725 -8.75      
73  8.18181801  3.18181801 -7.5       
74  8.18181801  3.18181801 -6.25      
75  7.27272701  2.27272725 -6.25      
76  7.27272701  2.27272725 -7.5       
77  8.18181801  3.18181801 -6.25      
78  8.18181801  3.18181801 -5.        
79  7.27272701  2.27272725 -5.        
80  7.27272701  2.27272725 -6.25      
81  8.18181801  3.18181801 -5.        
82  8.18181801  3.18181801 -3.75      
83  7.27272701  2.27272725 -3.75      
84  7.27272701  2.27272725 -5.        
85  8.18181801  3.18181801 -3.75      
86  8.18181801  3.18181801 -2.5       
87  7.27272701  2.27272725 -2.5       
88  7.27272701  2.27272725 -3.75      
89  8.18181801  3.18181801 -2.5       
90  8.18181801  3.18181801 -1.25      
91  7.27272701  2.27272725 -1.25      
92  7.27272701  2.27272725 -2.5       
93  8.18181801  3.18181801 -1.25      
94  8.18181801  3.18181801  0.        
95  7.27272701  2.27272725  0.        
96  7.27272701  2.27272725 -1.25      
97   7.27272701   2.27272725 -10.        
98  7.27272701  2.27272725 -8.75      
99  6.36363602  1.36363626 -8.75      
100   6.36363602   1.36363626 -10.        
101  7.27272701  2.27272725 -8.75      
102  7.27272701  2.27272725 -7.5       
103  6.36363602  1.36363626 -7.5       
104  6.36363602  1.36363626 -8.75      
105  7.27272701  2.27272725 -7.5       
106  7.27272701  2.27272725 -6.25      
107  6.36363602  1.36363626 -6.25      
108  6.36363602  1.36363626 -7.5       
109  7.27272701  2.27272725 -6.25      
110  7.27272701  2.27272725 -5.        
111  6.36363602  1.36363626 -5.        
112  6.36363602  1.36363626 -6.25      
113  7.27272701  2.27272725 -5.        
114  7.27272701  2.27272725 -3.75      
115  6.36363602  1.36363626 -3.75      
116  6.36363602  1.36363626 -5.        
117  7.27272701  2.27272725 -3.75      
118  7.27272701  2.27272725 -2.5       
119  6.36363602  1.36363626 -2.5       
120  6.36363602  1.36363626 -3.75      
121  7.27272701  2.27272725 -2.5       
122  7.27272701  2.27272725 -1.25      
123  6.36363602  1.36363626 -1.25      
124  6.36363602  1.36363626 -2.5       
125  7.27272701  2.27272725 -1.25      
126  7.27272701  2.27272725  0.        
127  6.36363602  1.36363626  0.        
128  6.36363602  1.36363626 -1.25      
129   6.36363602   1.36363626 -10.        
130  6.36363602  1.36363626 -8.75      
131  5.4545455  0.4545455 -8.75     
132   5.4545455   0.4545455 -10.       
133  6.36363602  1.36363626 -8.75      
134  6.36363602  1.36363626 -7.5       
135  5.4545455  0.4545455 -7.5      
136  5.4545455  0.4545455 -8.75     
137  6.36363602  1.36363626 -7.5       
138  6.36363602  1.36363626 -6.25      
139  5.4545455  0.4545455 -6.25     
140  5.4545455  0.4545455 -7.5      
141  6.36363602  1.36363626 -6.25      
142  6.36363602  1.36363626 -5.        
143  5.4545455  0.4545455 -5.       
144  5.4545455  0.4545455 -6.25     
145  6.36363602  1.36363626 -5.        
146  6.36363602  1.36363626 -3.75      
147  5.4545455  0.4545455 -3.75     
148  5.4545455  0.4545455 -5.       
149  6.36363602  1.36363626 -3.75      
150  6.36363602  1.36363626 -2.5       
151  5.4545455  0.4545455 -2.5      
152  5.4545455  0.4545455 -3.75     
153  6.36363602  1.36363626 -2.5       
154  6.36363602  1.36363626 -1.25      
155  5.4545455  0.4545455 -1.25     
156  5.4545455  0.4545455 -2.5      
157  6.36363602  1.36363626 -1.25      
158  6.36363602  1.36363626  0.        
159  5.4545455  0.4545455  0.       
160  5.4545455  0.4545455 -1.25     
161   5.4545455   0.4545455 -10.       
162  5.4545455  0.4545455 -8.75     
163  4.5454545 -0.4545455 -8.75     
164   4.5454545  -0.4545455 -10.       
165  5.4545455  0.4545455 -8.75     
166  5.4545455  0.4545455 -7.5      
167  4.5454545 -0.4545455 -7.5      
168  4.5454545 -0.4545455 -8.75     
169  5.4545455  0.4545455 -7.5      
170  5.4545455  0.4545455 -6.25     
171  4.5454545 -0.4545455 -6.25     
172  4.5454545 -0.4545455 -7.5      
173  5.4545455  0.4545455 -6.25     
174  5.4545455  0.4545455 -5.       
175  4.5454545 -0.4545455 -5.       
176  4.5454545 -0.4545455 -6.25     
177  5.4545455  0.4545455 -5.       
178  5.4545455  0.4545455 -3.75     
179  4.5454545 -0.4545455 -3.75     
180  4.5454545 -0.4545455 -5.       
181  5.4545455  0.4545455 -3.75     
182  5.4545455  0.4545455 -2.5      
183  4.5454545 -0.4545455 -2.5      
184  4.5454545 -0.4545455 -3.75     
185  5.4545455  0.4545455 -2.5      
186  5.4545455  0.4545455 -1.25     
187  4.5454545 -0.4545455 -1.25     
188  4.5454545 -0.4545455 -2.5      
189  5.4545455  0.4545455 -1.25     
190  5.4545455  0.4545455  0.       
191  4.5454545 -0.4545455  0.       
192  4.5454545 -0.4545455 -1.25     
193   4.5454545  -0.4545455 -10.       
194  4.5454545 -0.4545455 -8.75     
195  3.63636351 -1.36363649 -8.75      
196   3.63636351  -1.36363649 -10.        
197  4.5454545 -0.4545455 -8.75     
198  4.5454545 -0.4545455 -7.5      
199  3.63636351 -1.36363649 -7.5       
200  3.63636351 -1.36363649 -8.75      
201  4.5454545 -0.4545455 -7.5      
202  4.5454545 -0.4545455 -6.25     
203  3.63636351 -1.36363649 -6.25      
204  3.63636351 -1.36363649 -7.5       
205  4.5454545 -0.4545455 -6.25     
206  4.5454545 -0.4545455 -5.       
207  3.63636351 -1.36363649 -5.        
208  3.63636351 -1.36363649 -6.25      
209  4.5454545 -0.4545455 -5.       
210  4.5454545 -0.4545455 -3.75     
211  3.63636351 -1.36363649 -3.75      
212  3.63636351 -1.36363649 -5.        
213  4.5454545 -0.4545455 -3.75     
214  4.5454545 -0.4545455 -2.5      
215  3.63636351 -1.36363649 -2.5       
216  3.63636351 -1.36363649 -3.75      
217  4.5454545 -0.4545455 -2.5      
218  4.5454545 -0.4545455 -1.25     
219  3.63636351 -1.36363649 -1.25      
220  3.63636351 -1.36363649 -2.5       
221  4.5454545 -0.4545455 -1.25     
222  4.5454545 -0.4545455  0.       
223  3.63636351 -1.36363649  0.        
224  3.63636351 -1.36363649 -1.25      
225   3.63636351  -1.36363649 -10.        
226  3.63636351 -1.36363649 -8.75      
227  2.72727251 -2.27272749 -8.75      
228   2.72727251  -2.27272749 -10.        
229  3.63636351 -1.36363649 -8.75      
230  3.63636351 -1.36363649 -7.5       
231  2.72727251 -2.27272749 -7.5       
232  2.72727251 -2.27272749 -8.75      
233  3.63636351 -1.36363649 -7.5       
234  3.63636351 -1.36363649 -6.25      
235  2.72727251 -2.27272749 -6.25      
236  2.72727251 -2.27272749 -7.5       
237  3.63636351 -1.36363649 -6.25      
238  3.63636351 -1.36363649 -5.        
239  2.72727251 -2.27272749 -5.        
240  2.72727251 -2.27272749 -6.25      
241  3.63636351 -1.36363649 -5.        
242  3.63636351 -1.36363649 -3.75      
243  2.72727251 -2.27272749 -3.75      
244  2.72727251 -2.27272749 -5.        
245  3.63636351 -1.36363649 -3.75      
246  3.63636351 -1.36363649 -2.5       
247  2.72727251 -2.27272749 -2.5       
248  2.72727251 -2.27272749 -3.75      
249  3.63636351 -1.36363649 -2.5       
250  3.63636351 -1.36363649 -1.25      
251  2.72727251 -2.27272749 -1.25      
252  2.72727251 -2.27272749 -2.5       
253  3.63636351 -1.36363649 -1.25      
254  3.63636351 -1.36363649  0.        
255  2.72727251 -2.27272749  0.        
256  2.72727251 -2.27272749 -1.25      
257   2.72727251  -2.27272749 -10.        
258  2.72727251 -2.27272749 -8.75      
259  1.81818199 -3.18181801 -8.75      
260   1.81818199  -3.18181801 -10.        
261  2.72727251 -2.27272749 -8.75      
262  2.72727251 -2.27272749 -7.5       
263  1.81818199 -3.18181801 -7.5       
264  1.81818199 -3.18181801 -8.75      
265  2.72727251 -2.27272749 -7.5       
266  2.72727251 -2.27272749 -6.25      
267  1.81818199 -3.18181801 -6.25      
268  1.81818199 -3.18181801 -7.5       
269  2.72727251 -2.27272749 -6.25      
270  2.72727251 -2.27272749 -5.        
271  1.81818199 -3.18181801 -5.        
272  1.81818199 -3.18181801 -6.25      
273  2.72727251 -2.27272749 -5.        
274  2.72727251 -2.27272749 -3.75      
275  1.81818199 -3.18181801 -3.75      
276  1.81818199 -3.18181801 -5.        
277  2.72727251 -2.27272749 -3.75      
278  2.72727251 -2.27272749 -2.5       
279  1.81818199 -3.18181801 -2.5       
280  1.81818199 -3.18181801 -3.75      
281  2.72727251 -2.27272749 -2.5       
282  2.72727251 -2.27272749 -1.25      
283  1.81818199 -3.18181801 -1.25      
284  1.81818199 -3.18181801 -2.5       
285  2.72727251 -2.27272749 -1.25      
286  2.72727251 -2.27272749  0.        
287  1.81818199 -3.18181801  0.        
288  1.81818199 -3.18181801 -1.25      
289   1.81818199  -3.18181801 -10.        
290  1.81818199 -3.18181801 -8.75      
291  0.909091 -4.090909 -8.75    
292   0.909091  -4.090909 -10.      
293  1.81818199 -3.18181801 -8.75      
294  1.81818199 -3.18181801 -7.5       
295  0.909091 -4.090909 -7.5     
296  0.909091 -4.090909 -8.75    
297  1.81818199 -3.18181801 -7.5       
298  1.81818199 -3.18181801 -6.25      
299  0.909091 -4.090909 -6.25    
300  0.909091 -4.090909 -7.5     
301  1.81818199 -3.18181801 -6.25      
302  1.81818199 -3.18181801 -5.        
303  0.909091 -4.090909 -5.      
304  0.909091 -4.090909 -6.25    
305  1.81818199 -3.18181801 -5.        
306  1.81818199 -3.18181801 -3.75      
307  0.909091 -4.090909 -3.75    
308  0.909091 -4.090909 -5.      
309  1.81818199 -3.18181801 -3.75      
310  1.81818199 -3.18181801 -2.5       
311  0.909091 -4.090909 -2.5     
312  0.909091 -4.090909 -3.75    
313  1.81818199 -3.18181801 -2.5       
314  1.81818199 -3.18181801 -1.25      
315  0.909091 -4.090909 -1.25    
316  0.909091 -4.090909 -2.5     
317  1.81818199 -3.18181801 -1.25      
318  1.81818199 -3.18181801  0.        
319  0.909091 -4.090909  0.      
320  0.909091 -4.090909 -1.25    
321   0.909091  -4.090909 -10.      
322  0.909091 -4.090909 -8.75    
323  0.   -5.   -8.75
324   0.  -5. -10.
325  0.909091 -4.090909 -8.75    
326  0.909091 -4.090909 -7.5     
327  0.  -5.  -7.5
328  0.   -5.   -8.75
329  0.909091 -4.090909 -7.5     
330  0.909091 -4.090909 -6.25    
331  0.   -5.   -6.25
332  0.  -5.  -7.5
333  0.909091 -4.090909 -6.25    
334  0.909091 -4.090909 -5.      
335  0. -5. -5.
336  0.   -5.   -6.25
337  0.909091 -4.090909 -5.      
338  0.909091 -4.090909 -3.75    
339  0.   -5.   -3.75
340  0. -5. -5.
341  0.909091 -4.090909 -3.75    
342  0.909091 -4.090909 -2.5     
343  0.  -5.  -2.5
344  0.   -5.   -3.75
345  0.909091 -4.090909 -2.5     
346  0.909091 -4.090909 -1.25    
347  0.   -5.   -1.25
348  0.  -5.  -2.5
349  0.909091 -4.090909 -1.25    
350  0.909091 -4.090909  0.      
351  0. -5.  0.
352  0.   -5.   -1.25
353   0.   5. -10.
354  0.    5.   -8.75
355  1.25  5.   -8.75
356   1.25   5.   -10.  
357  0.    5.   -8.75
358  0.   5.  -7.5
359  1.25  5.   -7.5 
360  1.25  5.   -8.75
361  0.   5.  -7.5
362  0.    5.   -6.25
363  1.25  5.   -6.25
364  1.25  5.   -7.5 
365  0.    5.   -6.25
366  0.  5. -5.
367  1.25  5.   -5.  
368  1.25  5.   -6.25
369  0.  5. -5.
370  0.    5.   -3.75
371  1.25  5.   -3.75
372  1.25  5.   -5.  
373  0.    5.   -3.75
374  0.   5.  -2.5
375  1.25  5.   -2.5 
376  1.25  5.   -3.75
377  0.   5.  -2.5
378  0.    5.   -1.25
379  1.25  5.   -1.25
380  1.25  5.   -2.5 
381  0.    5.   -1.25
382  0.  5.  0.
383  1.25  5.    0.  
384  1.25  5.   -1.25
385   1.25   5.   -10.  
386  1.25  5.   -8.75
387  2.5   5.   -8.75
388   2.5   5.  -10. 
389  1.25  5.   -8.75
390  1.25  5.   -7.5 
391  2.5  5.  -7.5
392  2.5   5.   -8.75
393  1.25  5.   -7.5 
394  1.25  5.   -6.25
395  2.5   5.   -6.25
396  2.5  5.  -7.5
397  1.25  5.   -6.25
398  1.25  5.   -5.  
399  2.5  5.  -5. 
400  2.5   5.   -6.25
401  1.25  5.   -5.  
402  1.25  5.   -3.75
403  2.5   5.   -3.75
404  2.5  5.  -5. 
405  1.25  5.   -3.75
406  1.25  5.   -2.5 
407  2.5  5.  -2.5
408  2.5   5.   -3.75
409  1.25  5.   -2.5 
410  1.25  5.   -1.25
411  2.5   5.   -1.25
412  2.5  5.  -2.5
413  1.25  5.   -1.25
414  1.25  5.    0.  
415  2.5  5.   0. 
416  2.5   5.   -1.25
417   2.5   5.  -10. 
418  2.5   5.   -8.75
419  3.75  5.   -8.75
420   3.75   5.   -10.  
421  2.5   5.   -8.75
422  2.5  5.  -7.5
423  3.75  5.   -7.5 
424  3.75  5.   -8.75
425  2.5  5.  -7.5
426  2.5   5.   -6.25
427  3.75  5.   -6.25
428  3.75  5.   -7.5 
429  2.5   5.   -6.25
430  2.5  5.  -5. 
431  3.75  5.   -5.  
432  3.75  5.   -6.25
433  2.5  5.  -5. 
434  2.5   5.   -3.75
435  3.75  5.   -3.75
436  3.75  5.   -5.  
437  2.5   5.   -3.75
438  2.5  5.  -2.5
439  3.75  5.   -2.5 
440  3.75  5.   -3.75
441  2.5  5.  -2.5
442  2.5   5.   -1.25
443  3.75  5.   -1.25
444  3.75  5.   -2.5 
445  2.5   5.   -1.25
446  2.5  5.   0. 
447  3.75  5.    0.  
448  3.75  5.   -1.25
449   3.75   5.   -10.  
450  3.75  5.   -8.75
451  5.    5.   -8.75
452   5.   5. -10.
453  3.75  5.   -8.75
454  3.75  5.   -7.5 
455  5.   5.  -7.5
456  5.    5.   -8.75
457  3.75  5.   -7.5 
458  3.75  5.   -6.25
459  5.    5.   -6.25
460  5.   5.  -7.5
461  3.75  5.   -6.25
462  3.75  5.   -5.  
463  5.  5. -5.
464  5.    5.   -6.25
465  3.75  5.   -5.  
466  3.75  5.   -3.75
467  5.    5.   -3.75
468  5.  5. -5.
469  3.75  5.   -3.75
470  3.75  5.   -2.5 
471  5.   5.  -2.5
472  5.    5.   -3.75
473  3.75  5.   -2.5 
474  3.75  5.   -1.25
475  5.    5.   -1.25
476  5.   5.  -2.5
477  3.75  5.   -1.25
478  3.75  5.    0.  
479  5.  5.  0.
480  5.    5.   -1.25
481   5.   5. -10.
482  5.    5.   -8.75
483  6.25  5.   -8.75
484   6.25   5.   -10.  
485  5.    5.   -8.75
486  5.   5.  -7.5
487  6.25  5.   -7.5 
488  6.25  5.   -8.75
489  5.   5.  -7.5
490  5.    5.   -6.25
491  6.25  5.   -6.25
492  6.25  5.   -7.5 
493  5.    5.   -6.25
494  5.  5. -5.
495  6.25  5.   -5.  
496  6.25  5.   -6.25
497  5.  5. -5.
498  5.    5.   -3.75
499  6.25  5.   -3.75
500  6.25  5.   -5.  
501  5.    5.   -3.75
502  5.   5.  -2.5
503  6.25  5.   -2.5 
504  6.25  5.   -3.75
505  5.   5.  -2.5
506  5.    5.   -1.25
507  6.25  5.   -1.25
508  6.25  5.   -2.5 
509  5.    5.   -1.25
510  5.  5.  0.
511  6.25  5.    0.  
512  6.25  5.   -1.25
513   6.25   5.   -10.  
514  6.25  5.   -8.75
515  7.5   5.   -8.75
516   7.5   5.  -10. 
517  6.25  5.   -8.75
518  6.25  5.   -7.5 
519  7.5  5.  -7.5
520  7.5   5.   -8.75
521  6.25  5.   -7.5 
522  6.25  5.   -6.25
523  7.5   5.   -6.25
524  7.5  5.  -7.5
525  6.25  5.   -6.25
526  6.25  5.   -5.  
527  7.5  5.  -5. 
528  7.5   5.   -6.25
529  6.25  5.   -5.  
530  6.25  5.   -3.75
531  7.5   5.   -3.75
532  7.5  5.  -5. 
533  6.25  5.   -3.75
534  6.25  5.   -2.5 
535  7.5  5.  -2.5
536  7.5   5.   -3.75
537  6.25  5.   -2.5 
538  6.25  5.   -1.25
539  7.5   5.   -1.25
540  7.5  5.  -2.5
541  6.25  5.   -1.25
542  6.25  5.    0.  
543  7.5  5.   0. 
544  7.5   5.   -1.25
545   7.5   5.  -10. 
546  7.5   5.   -8.75
547  8.75  5.   -8.75
548   8.75   5.   -10.  
549  7.5   5.   -8.75
550  7.5  5.  -7.5
551  8.75  5.   -7.5 
552  8.75  5.   -8.75
553  7.5  5.  -7.5
554  7.5   5.   -6.25
555  8.75  5.   -6.25
556  8.75  5.   -7.5 
557  7.5   5.   -6.25
558  7.5  5.  -5. 
559  8.75  5.   -5.  
560  8.75  5.   -6.25
561  7.5  5.  -5. 
562  7.5   5.   -3.75
563  8.75  5.   -3.75
564  8.75  5.   -5.  
565  7.5   5.   -3.75
566  7.5  5.  -2.5
567  8.75  5.   -2.5 
568  8.75  5.   -3.75
569  7.5  5.  -2.5
570  7.5   5.   -1.25
571  8.75  5.   -1.25
572  8.75  5.   -2.5 
573  7.5   5.   -1.25
574  7.5  5.   0. 
575  8.75  5.    0.  
576  8.75  5.   -1.25
577   8.75   5.   -10.  
578  8.75  5.   -8.75
579  10.     5.    -8.75
580  10.   5. -10.
581  8.75  5.   -8.75
582  8.75  5.   -7.5 
583  10.    5.   -7.5
584  10.     5.    -8.75
585  8.75  5.   -7.5 
586  8.75  5.   -6.25
587  10.     5.    -6.25
588  10.    5.   -7.5
589  8.75  5.   -6.25
590  8.75  5.   -5.  
591  10.   5.  -5.
592  10.     5.    -6.25
593  8.75  5.   -5.  
594  8.75  5.   -3.75
595  10.     5.    -3.75
596  10.   5.  -5.
597  8.75  5.   -3.75
598  8.75  5.   -2.5 
599  10.    5.   -2.5
600  10.     5.    -3.75
601  8.75  5.   -2.5 
602  8.75  5.   -1.25
603  10.     5.    -1.25
604  10.    5.   -2.5
605  8.75  5.   -1.25
606  8.75  5.    0.  
607  10.   5.   0.
608  10.     5.    -1.25
609   0.  -5. -10.
610  0.   -5.   -8.75
611  0.   -3.75 -8.75
612   0.    -3.75 -10.  
613  0.   -5.   -8.75
614  0.  -5.  -7.5
615  0.   -3.75 -7.5 
616  0.   -3.75 -8.75
617  0.  -5.  -7.5
618  0.   -5.   -6.25
619  0.   -3.75 -6.25
620  0.   -3.75 -7.5 
621  0.   -5.   -6.25
622  0. -5. -5.
623  0.   -3.75 -5.  
624  0.   -3.75 -6.25
625  0. -5. -5.
626  0.   -5.   -3.75
627  0.   -3.75 -3.75
628  0.   -3.75 -5.  
629  0.   -5.   -3.75
630  0.  -5.  -2.5
631  0.   -3.75 -2.5 
632  0.   -3.75 -3.75
633  0.  -5.  -2.5
634  0.   -5.   -1.25
635  0.   -3.75 -1.25
636  0.   -3.75 -2.5 
637  0.   -5.   -1.25
638  0. -5.  0.
639  0.   -3.75  0.  
640  0.   -3.75 -1.25
641   0.    -3.75 -10.  
642  0.   -3.75 -8.75
643  0.   -2.5  -8.75
644   0.   -2.5 -10. 
645  0.   -3.75 -8.75
646  0.   -3.75 -7.5 
647  0.  -2.5 -7.5
648  0.   -2.5  -8.75
649  0.   -3.75 -7.5 
650  0.   -3.75 -6.25
651  0.   -2.5  -6.25
652  0.  -2.5 -7.5
653  0.   -3.75 -6.25
654  0.   -3.75 -5.  
655  0.  -2.5 -5. 
656  0.   -2.5  -6.25
657  0.   -3.75 -5.  
658  0.   -3.75 -3.75
659  0.   -2.5  -3.75
660  0.  -2.5 -5. 
661  0.   -3.75 -3.75
662  0.   -3.75 -2.5 
663  0.  -2.5 -2.5
664  0.   -2.5  -3.75
665  0.   -3.75 -2.5 
666  0.   -3.75 -1.25
667  0.   -2.5  -1.25
668  0.  -2.5 -2.5
669  0.   -3.75 -1.25
670  0.   -3.75  0.  
671  0.  -2.5  0. 
672  0.   -2.5  -1.25
673   0.   -2.5 -10. 
674  0.   -2.5  -8.75
675  0.   -1.25 -8.75
676   0.    -1.25 -10.  
677  0.   -2.5  -8.75
678  0.  -2.5 -7.5
679  0.   -1.25 -7.5 
680  0.   -1.25 -8.75
681  0.  -2.5 -7.5
682  0.   -2.5  -6.25
683  0.   -1.25 -6.25
684  0.   -1.25 -7.5 
685  0.   -2.5  -6.25
686  0.  -2.5 -5. 
687  0.   -1.25 -5.  
688  0.   -1.25 -6.25
689  0.  -2.5 -5. 
690  0.   -2.5  -3.75
691  0.   -1.25 -3.75
692  0.   -1.25 -5.  
693  0.   -2.5  -3.75
694  0.  -2.5 -2.5
695  0.   -1.25 -2.5 
696  0.   -1.25 -3.75
697  0.  -2.5 -2.5
698  0.   -2.5  -1.25
699  0.   -1.25 -1.25
700  0.   -1.25 -2.5 
701  0.   -2.5  -1.25
702  0.  -2.5  0. 
703  0.   -1.25  0.  
704  0.   -1.25 -1.25
705   0.    -1.25 -10.  
706  0.   -1.25 -8.75
707  0.    0.   -8.75
708   0.   0. -10.
709  0.   -1.25 -8.75
710  0.   -1.25 -7.5 
711  0.   0.  -7.5
712  0.    0.   -8.75
713  0.   -1.25 -7.5 
714  0.   -1.25 -6.25
715  0.    0.   -6.25
716  0.   0.  -7.5
717  0.   -1.25 -6.25
718  0.   -1.25 -5.  
719  0.  0. -5.
720  0.    0.   -6.25
721  0.   -1.25 -5.  
722  0.   -1.25 -3.75
723  0.    0.   -3.75
724  0.  0. -5.
725  0.   -1.25 -3.75
726  0.   -1.25 -2.5 
727  0.   0.  -2.5
728  0.    0.   -3.75
729  0.   -1.25 -2.5 
730  0.   -1.25 -1.25
731  0.    0.   -1.25
732  0.   0.  -2.5
733  0.   -1.25 -1.25
734  0.   -1.25  0.  
735  0.  0.  0.
736  0.    0.   -1.25
737   0.   0. -10.
738  0.    0.   -8.75
739  0.    1.25 -8.75
740   0.     1.25 -10.  
741  0.    0.   -8.75
742  0.   0.  -7.5
743  0.    1.25 -7.5 
744  0.    1.25 -8.75
745  0.   0.  -7.5
746  0.    0.   -6.25
747  0.    1.25 -6.25
748  0.    1.25 -7.5 
749  0.    0.   -6.25
750  0.  0. -5.
751  0.    1.25 -5.  
752  0.    1.25 -6.25
753  0.  0. -5.
754  0.    0.   -3.75
755  0.    1.25 -3.75
756  0.    1.25 -5.  
757  0.    0.   -3.75
758  0.   0.  -2.5
759  0.    1.25 -2.5 
760  0.    1.25 -3.75
761  0.   0.  -2.5
762  0.    0.   -1.25
763  0.    1.25 -1.25
764  0.    1.25 -2.5 
765  0.    0.   -1.25
766  0.  0.  0.
767  0.    1.25  0.  
768  0.    1.25 -1.25
769   0.     1.25 -10.  
770  0.    1.25 -8.75
771  0.    2.5  -8.75
772   0.    2.5 -10. 
773  0.    1.25 -8.75
774  0.    1.25 -7.5 
775  0.   2.5 -7.5
776  0.    2.5  -8.75
777  0.    1.25 -7.5 
778  0.    1.25 -6.25
779  0.    2.5  -6.25
780  0.   2.5 -7.5
781  0.    1.25 -6.25
782  0.    1.25 -5.  
783  0.   2.5 -5. 
784  0.    2.5  -6.25
785  0.    1.25 -5.  
786  0.    1.25 -3.75
787  0.    2.5  -3.75
788  0.   2.5 -5. 
789  0.    1.25 -3.75
790  0.    1.25 -2.5 
791  0.   2.5 -2.5
792  0.    2.5  -3.75
793  0.    1.25 -2.5 
794  0.    1.25 -1.25
795  0.    2.5  -1.25
796  0.   2.5 -2.5
797  0.    1.25 -1.25
798  0.    1.25  0.  
799  0.   2.5  0. 
800  0.    2.5  -1.25
801   0.    2.5 -10. 
802  0.    2.5  -8.75
803  0.    3.75 -8.75
804   0.     3.75 -10.  
805  0.    2.5  -8.75
806  0.   2.5 -7.5
807  0.    3.75 -7.5 
808  0.    3.75 -8.75
809  0.   2.5 -7.5
810  0.    2.5  -6.25
811  0.    3.75 -6.25
812  0.    3.75 -7.5 
813  0.    2.5  -6.25
814  0.   2.5 -5. 
815  0.    3.75 -5.  
816  0.    3.75 -6.25
817  0.   2.5 -5. 
818  0.    2.5  -3.75
819  0.    3.75 -3.75
820  0.    3.75 -5.  
821  0.    2.5  -3.75
822  0.   2.5 -2.5
823  0.    3.75 -2.5 
824  0.    3.75 -3.75
825  0.   2.5 -2.5
826  0.    2.5  -1.25
827  0.    3.75 -1.25
828  0.    3.75 -2.5 
829  0.    2.5  -1.25
830  0.   2.5  0. 
831  0.    3.75  0.  
832  0.    3.75 -1.25
833   0.     3.75 -10.  
834  0.    3.75 -8.75
835  0.    5.   -8.75
836   0.   5. -10.
837  0.    3.75 -8.75
838  0.    3.75 -7.5 
839  0.   5.  -7.5
840  0.    5.   -8.75
841  0.    3.75 -7.5 
842  0.    3.75 -6.25
843  0.    5.   -6.25
844  0.   5.  -7.5
845  0.    3.75 -6.25
846  0.    3.75 -5.  
847  0.  5. -5.
848  0.    5.   -6.25
849  0.    3.75 -5.  
850  0.    3.75 -3.75
851  0.    5.   -3.75
852  0.  5. -5.
853  0.    3.75 -3.75
854  0.    3.75 -2.5 
855  0.   5.  -2.5
856  0.    5.   -3.75
857  0.    3.75 -2.5 
858  0.    3.75 -1.25
859  0.    5.   -1.25
860  0.   5.  -2.5
861  0.    3.75 -1.25
862  0.    3.75  0.  
863  0.  5.  0.
864  0.    5.   -1.25
865   0.   5. -10.
866   1.25   5.   -10.  
867   1.25      3.90625 -10.     
868   0.     3.75 -10.  
869   1.25   5.   -10.  
870   2.5   5.  -10. 
871   2.5      4.0625 -10.    
872   1.25      3.90625 -10.     
873   2.5   5.  -10. 
874   3.75   5.   -10.  
875   3.75      4.21875 -10.     
876   2.5      4.0625 -10.    
877   3.75   5.   -10.  
878   5.   5. -10.
879   5.      4.375 -10.   
880   3.75      4.21875 -10.     
881   5.   5. -10.
882   6.25   5.   -10.  
883   6.25      4.53125 -10.     
884   5.      4.375 -10.   
885   6.25   5.   -10.  
886   7.5   5.  -10. 
887   7.5      4.6875 -10.    
888   6.25      4.53125 -10.     
889   7.5   5.  -10. 
890   8.75   5.   -10.  
891   8.75      4.84375 -10.     
892   7.5      4.6875 -10.    
893   8.75   5.   -10.  
894  10.   5. -10.
895  10.   5. -10.
896   8.75      4.84375 -10.     
897   0.     3.75 -10.  
898   1.25      3.90625 -10.     
899   1.25     2.8125 -10.    
900   0.    2.5 -10. 
901   1.25      3.90625 -10.     
902   2.5      4.0625 -10.    
903   2.5     3.125 -10.   
904   1.25     2.8125 -10.    
905   2.5      4.0625 -10.    
906   3.75      4.21875 -10.     
907   3.75     3.4375 -10.    
908   2.5     3.125 -10.   
909   3.75      4.21875 -10.     
910   5.      4.375 -10.   
911   5.     3.75 -10.  
912   3.75     3.4375 -10.    
913   5.      4.375 -10.   
914   6.25      4.53125 -10.     
915   6.25     4.0625 -10.    
916   5.     3.75 -10.  
917   6.25      4.53125 -10.     
918   7.5      4.6875 -10.    
919   7.5     4.375 -10.   
920   6.25     4.0625 -10.    
921   7.5      4.6875 -10.    
922   8.75      4.84375 -10.     
923   8.75     4.6875 -10.    
924   7.5     4.375 -10.   
925   8.75      4.84375 -10.     
926  10.   5. -10.
927  10.   5. -10.
928   8.75     4.6875 -10.    
929   0.    2.5 -10. 
930   1.25     2.8125 -10.    
931   1.25      1.71875 -10.     
932   0.     1.25 -10.  
933   1.25     2.8125 -10.    
934   2.5     3.125 -10.   
935   2.5      2.1875 -10.    
936   1.25      1.71875 -10.     
937   2.5     3.125 -10.   
938   3.75     3.4375 -10.    
939   3.75      2.65625 -10.     
940   2.5      2.1875 -10.    
941   3.75     3.4375 -10.    
942   5.     3.75 -10.  
943   5.      3.125 -10.   
944   3.75      2.65625 -10.     
945   5.     3.75 -10.  
946   6.25     4.0625 -10.    
947   6.25      3.59375 -10.     
948   5.      3.125 -10.   
949   6.25     4.0625 -10.    
950   7.5     4.375 -10.   
951   7.5      4.0625 -10.    
952   6.25      3.59375 -10.     
953   7.5     4.375 -10.   
954   8.75     4.6875 -10.    
955   8.75      4.53125 -10.     
956   7.5      4.0625 -10.    
957   8.75     4.6875 -10.    
958  10.   5. -10.
959  10.   5. -10.
960   8.75      4.53125 -10.     
961   0.     1.25 -10.  
962   1.25      1.71875 -10.     
963   1.25    0.625 -10.   
964   0.   0. -10.
965   1.25      1.71875 -10.     
966   2.5      2.1875 -10.    
967   2.5    1.25 -10.  
968   1.25    0.625 -10.   
969   2.5      2.1875 -10.    
970   3.75      2.65625 -10.     
971   3.75    1.875 -10.   
972   2.5    1.25 -10.  
973   3.75      2.65625 -10.     
974   5.      3.125 -10.   
975   5.    2.5 -10. 
976   3.75    1.875 -10.   
977   5.      3.125 -10.   
978   6.25      3.59375 -10.     
979   6.25    3.125 -10.   
980   5.    2.5 -10. 
981   6.25      3.59375 -10.     
982   7.5      4.0625 -10.    
983   7.5    3.75 -10.  
984   6.25    3.125 -10.   
985   7.5      4.0625 -10.    
986   8.75      4.53125 -10.     
987   8.75    4.375 -10.   
988   7.5    3.75 -10.  
989   8.75      4.53125 -10.     
990  10.   5. -10.
991  10.   5. -10.
992   8.75    4.375 -10.   
993   0.   0. -10.
994   1.25    0.625 -10.   
995   1.25     -0.46875 -10.     
996   0.    -1.25 -10.  
997   1.25    0.625 -10.   
998   2.5    1.25 -10.  
999   2.5      0.3125 -10.    
1000   1.25     -0.46875 -10.     
1001   2.5    1.25 -10.  
1002   3.75    1.875 -10.   
1003   3.75      1.09375 -10.     
1004   2.5      0.3125 -10.    
1005   3.75    1.875 -10.   
1006   5.    2.5 -10. 
1007   5.      1.875 -10.   
1008   3.75      1.09375 -10.     
1009   5.    2.5 -10. 
1010   6.25    3.125 -10.   
1011   6.25      2.65625 -10.     
1012   5.      1.875 -10.   
1013   6.25    3.125 -10.   
1014   7.5    3.75 -10.  
1015   7.5      3.4375 -10.    
1016   6.25      2.65625 -10.     
1017   7.5    3.75 -10.  
1018   8.75    4.375 -10.   
1019   8.75      4.21875 -10.     
1020   7.5      3.4375 -10.    
1021   8.75    4.375 -10.   
1022  10.   5. -10.
1023  10.   5. -10.
1024   8.75      4.21875 -10.     
1025   0.    -1.25 -10.  
1026   1.25     -0.46875 -10.     
1027   1.25    -1.5625 -10.    
1028   0.   -2.5 -10. 
1029   1.25     -0.46875 -10.     
1030   2.5      0.3125 -10.    
1031   2.5    -0.625 -10.   
1032   1.25    -1.5625 -10.    
1033   2.5      0.3125 -10.    
1034   3.75      1.09375 -10.     
1035   3.75     0.3125 -10.    
1036   2.5    -0.625 -10.   
1037   3.75      1.09375 -10.     
1038   5.      1.875 -10.   
1039   5.     1.25 -10.  
1040   3.75     0.3125 -10.    
1041   5.      1.875 -10.   
1042   6.25      2.65625 -10.     
1043   6.25     2.1875 -10.    
1044   5.     1.25 -10.  
1045   6.25      2.65625 -10.     
1046   7.5      3.4375 -10.    
1047   7.5     3.125 -10.   
1048   6.25     2.1875 -10.    
1049   7.5      3.4375 -10.    
1050   8.75      4.21875 -10.     
1051   8.75     4.0625 -10.    
1052   7.5     3.125 -10.   
1053   8.75      4.21875 -10.     
1054  10.   5. -10.
1055  10.   5. -10.
1056   8.75     4.0625 -10.    
1057   0.   -2.5 -10. 
1058   1.25    -1.5625 -10.    
1059   1.25     -2.65625 -10.     
1060   0.    -3.75 -10.  
1061   1.25    -1.5625 -10.    
1062   2.5    -0.625 -10.   
1063   2.5     -1.5625 -10.    
1064   1.25     -2.65625 -10.     
1065   2.5    -0.625 -10.   
1066   3.75     0.3125 -10.    
1067   3.75     -0.46875 -10.     
1068   2.5     -1.5625 -10.    
1069   3.75     0.3125 -10.    
1070   5.     1.25 -10.  
1071   5.      0.625 -10.   
1072   3.75     -0.46875 -10.     
1073   5.     1.25 -10.  
1074   6.25     2.1875 -10.    
1075   6.25      1.71875 -10.     
1076   5.      0.625 -10.   
1077   6.25     2.1875 -10.    
1078   7.5     3.125 -10.   
1079   7.5      2.8125 -10.    
1080   6.25      1.71875 -10.     
1081   7.5     3.125 -10.   
1082   8.75     4.0625 -10.    
1083   8.75      3.90625 -10.     
1084   7.5      2.8125 -10.    
1085   8.75     4.0625 -10.    
1086  10.   5. -10.
1087  10.   5. -10.
1088   8.75      3.90625 -10.     
1089   0.    -3.75 -10.  
1090   1.25     -2.65625 -10.     
1091   1.25  -3.75 -10.  
1092   0.  -5. -10.
1093   1.25     -2.65625 -10.     
1094   2.5     -1.5625 -10.    
1095   2.5  -2.5 -10. 
1096   1.25  -3.75 -10.  
1097   2.5     -1.5625 -10.    
1098   3.75     -0.46875 -10.     
1099   3.75  -1.25 -10.  
1100   2.5  -2.5 -10. 
1101   3.75     -0.46875 -10.     
1102   5.      0.625 -10.   
1103   5.   0. -10.
1104   3.75  -1.25 -10.  
1105   5.      0.625 -10.   
1106   6.25      1.71875 -10.     
1107   6.25   1.25 -10.  
1108   5.   0. -10.
1109   6.25      1.71875 -10.     
1110   7.5      2.8125 -10.    
1111   7.5   2.5 -10. 
1112   6.25   1.25 -10.  
1113   7.5      2.8125 -10.    
1114   8.75      3.90625 -10.     
1115   8.75   3.75 -10.  
1116   7.5   2.5 -10. 
1117   8.75      3.90625 -10.     
1118  10.   5. -10.
1119  10.   5. -10.
1120   8.75   3.75 -10.  
0 0 0 0
1 2 3 4
5 6 7 8
 9 10 11 12
13 14 15 16
17 18 19 20
21 22 23 24
25 26 27 28
29 30 31 32
33 34 35 36
37 38 39 40
41 42 43 44
45 46 47 48
49 50 51 52
53 54 55 56
57 58 59 60
61 62 63 64
65 66 67 68
69 70 71 72
73 74 75 76
77 78 79 80
81 82 83 84
85 86 87 88
89 90 91 92
93 94 95 96
 97  98  99 100
101 102 103 104
105 106 107 108
109 110 111 112
113 114 115 116
117 118 119 120
121 122 123 124
125 126 127 128
129 130 131 132
133 134 135 136
137 138 139 140
141 142 143 144
145 146 147 148
149 150 151 152
153 154 155 156
157 158 159 160
161 162 163 164
165 166 167 168
169 170 171 172
173 174 175 176
177 178 179 180
181 182 183 184
185 186 187 188
189 190 191 192
193 194 195 196
197 198 199 200
201 202 203 204
205 206 207 208
209 210 211 212
213 214 215 216
217 218 219 220
221 222 223 224
225 226 227 228
229 230 231 232
233 234 235 236
237 238 239 240
241 242 243 244
245 246 247 248
249 250 251 252
253 254 255 256
257 258 259 260
261 262 263 264
265 266 267 268
269 270 271 272
273 274 275 276
277 278 279 280
281 282 283 284
285 286 287 288
289 290 291 292
293 294 295 296
297 298 299 300
301 302 303 304
305 306 307 308
309 310 311 312
313 314 315 316
317 318 319 320
321 322 323 324
325 326 327 328
329 330 331 332
333 334 335 336
337 338 339 340
341 342 343 344
345 346 347 348
349 350 351 352
353 354 355 356
357 358 359 360
361 362 363 364
365 366 367 368
369 370 371 372
373 374 375 376
377 378 379 380
381 382 383 384
385 386 387 388
389 390 391 392
393 394 395 396
397 398 399 400
401 402 403 404
405 406 407 408
409 410 411 412
413 414 415 416
417 418 419 420
421 422 423 424
425 426 427 428
429 430 431 432
433 434 435 436
437 438 439 440
441 442 443 444
445 446 447 448
449 450 451 452
453 454 455 456
457 458 459 460
461 462 463 464
465 466 467 468
469 470 471 472
473 474 475 476
477 478 479 480
481 482 483 484
485 486 487 488
489 490 491 492
493 494 495 496
497 498 499 500
501 502 503 504
505 506 507 508
509 510 511 512
513 514 515 516
517 518 519 520
521 522 523 524
525 526 527 528
529 530 531 532
533 534 535 536
537 538 539 540
541 542 543 544
545 546 547 548
549 550 551 552
553 554 555 556
557 558 559 560
561 562 563 564
565 566 567 568
569 570 571 572
573 574 575 576
577 578 579 580
581 582 583 584
585 586 587 588
589 590 591 592
593 594 595 596
597 598 599 600
601 602 603 604
605 606 607 608
609 610 611 612
613 614 615 616
617 618 619 620
621 622 623 624
625 626 627 628
629 630 631 632
633 634 635 636
637 638 639 640
641 642 643 644
645 646 647 648
649 650 651 652
653 654 655 656
657 658 659 660
661 662 663 664
665 666 667 668
669 670 671 672
673 674 675 676
677 678 679 680
681 682 683 684
685 686 687 688
689 690 691 692
693 694 695 696
697 698 699 700
701 702 703 704
705 706 707 708
709 710 711 712
713 714 715 716
717 718 719 720
721 722 723 724
725 726 727 728
729 730 731 732
733 734 735 736
737 738 739 740
741 742 743 744
745 746 747 748
749 750 751 752
753 754 755 756
757 758 759 760
761 762 763 764
765 766 767 768
769 770 771 772
773 774 775 776
777 778 779 780
781 782 783 784
785 786 787 788
789 790 791 792
793 794 795 796
797 798 799 800
801 802 803 804
805 806 807 808
809 810 811 812
813 814 815 816
817 818 819 820
821 822 823 824
825 826 827 828
829 830 831 832
833 834 835 836
837 838 839 840
841 842 843 844
845 846 847 848
849 850 851 852
853 854 855 856
857 858 859 860
861 862 863 864
865 866 867 868
869 870 871 872
873 874 875 876
877 878 879 880
881 882 883 884
885 886 887 888
889 890 891 892
893 894 895 896
897 898 899 900
901 902 903 904
905 906 907 908
909 910 911 912
913 914 915 916
917 918 919 920
921 922 923 924
925 926 927 928
929 930 931 932
933 934 935 936
937 938 939 940
941 942 943 944
945 946 947 948
949 950 951 952
953 954 955 956
957 958 959 960
961 962 963 964
965 966 967 968
969 970 971 972
973 974 975 976
977 978 979 980
981 982 983 984
985 986 987 988
989 990 991 992
993 994 995 996
 997  998  999 1000
1001 1002 1003 1004
1005 1006 1007 1008
1009 1010 1011 1012
1013 1014 1015 1016
1017 1018 1019 1020
1021 1022 1023 1024
1025 1026 1027 1028
1029 1030 1031 1032
1033 1034 1035 1036
1037 1038 1039 1040
1041 1042 1043 1044
1045 1046 1047 1048
1049 1050 1051 1052
1053 1054 1055 1056
1057 1058 1059 1060
1061 1062 1063 1064
1065 1066 1067 1068
1069 1070 1071 1072
1073 1074 1075 1076
1077 1078 1079 1080
1081 1082 1083 1084
1085 1086 1087 1088
1089 1090 1091 1092
1093 1094 1095 1096
1097 1098 1099 1100
1101 1102 1103 1104
1105 1106 1107 1108
1109 1110 1111 1112
1113 1114 1115 1116
1117 1118 1119 1120
0 0 0 0