Nb de periode :    40
 0.1000
  0.224538E+02  0.156462E-06 -0.639854E+00 -0.122190E-05  0.929212E+02  0.220537E-05
  0.971200E+01  0.226498E-05  0.124906E+03  0.490993E-04  0.650155E+01 -0.178814E-04
 -0.149012E-06  0.223716E+02  0.737607E-06 -0.288537E+02  0.190258E-03  0.223716E+04
  0.111759E-06  0.110055E+02 -0.163680E-06 -0.733076E+01 -0.328873E-07  0.362307E-03
 -0.495461E+00 -0.145721E-02  0.125515E+05 -0.762939E-03 -0.125515E+07  0.151367E+00
 -0.131607E+03  0.362396E-03  0.550532E+04 -0.206852E-02 -0.876410E+02 -0.198364E-03
 -0.596046E-07 -0.291092E+02  0.350177E-06  0.375471E+02  0.255585E-03 -0.291092E+04
  0.223517E-07 -0.143207E+02  0.545289E-06  0.953877E+01 -0.183703E-06  0.382364E-04
  0.784321E+02  0.180176E+00 -0.125515E+07 -0.214844E+00  0.125515E+09 -0.329004E+02
  0.131733E+05  0.155518E+00 -0.550371E+06  0.175781E-01  0.877254E+04  0.976562E-02
  0.238419E-05  0.223715E+04  0.209808E-04 -0.288537E+04 -0.933838E-02  0.223715E+06
  0.905991E-05  0.110055E+04 -0.218749E-04 -0.733079E+03  0.894070E-06  0.386753E-01
  0.963371E+01  0.178814E-05 -0.129993E+03 -0.448227E-04  0.130118E+05  0.385046E-02
  0.618607E+01  0.116182E-06  0.328889E+00  0.492437E-07  0.412428E+01  0.145845E-05
  0.447035E-07  0.109118E+02  0.264496E-06 -0.140514E+02 -0.231266E-04  0.109117E+04
  0.260770E-07  0.619145E+01  0.128872E-06 -0.412949E+01 -0.214786E-07 -0.117868E-04
  0.129758E+03 -0.564575E-03  0.570637E+04  0.207520E-02 -0.570470E+06  0.100693E+00
  0.264881E+00  0.720978E-03  0.326366E+04 -0.472546E-03  0.177012E+00 -0.686646E-04
  0.223517E-07 -0.802789E+01  0.482425E-06  0.103377E+02 -0.476837E-05 -0.802790E+03
  0.409782E-07 -0.455527E+01 -0.178930E-06  0.303862E+01  0.201690E-07  0.366941E-04
  0.687752E+01  0.223517E-05 -0.928039E+02  0.135899E-04  0.928930E+04  0.261712E-02
  0.441600E+01  0.684522E-07  0.232439E+00  0.895234E-07  0.294539E+01 -0.150874E-06
  0.545697E-11  0.471607E-03  0.322871E-10 -0.599854E-03 -0.174623E-08  0.483631E-01
 -0.454747E-11  0.618565E-05 -0.110774E-10 -0.205091E-04 -0.612488E-11  0.296136E-02
 0.1487
  0.753315E+02  0.417233E-06 -0.106374E+01 -0.119209E-06  0.203302E+03 -0.109673E-04
  0.233103E+02  0.860691E-04  0.384008E+03 -0.976920E-04  0.155421E+02  0.247955E-04
 -0.298023E-06  0.751142E+02 -0.298023E-06 -0.967394E+02  0.259399E-03  0.751141E+04
  0.257790E-05  0.340625E+02  0.101607E-05 -0.226855E+02 -0.353903E-07  0.316951E-01
 -0.103427E+01  0.257874E-02  0.185922E+05 -0.744629E-02 -0.185923E+07  0.227814E+00
 -0.403395E+03  0.364304E-02  0.684918E+04  0.574112E-03 -0.268598E+03 -0.549316E-03
 -0.417233E-06 -0.975551E+02 -0.208616E-05  0.125653E+03  0.331879E-03 -0.975552E+04
 -0.953674E-06 -0.442373E+02  0.871718E-06  0.294618E+02 -0.201631E-06 -0.455309E-01
  0.200124E+03  0.333008E+00 -0.185923E+07 -0.855469E+00  0.185923E+09 -0.201211E+02
  0.403709E+05  0.683594E-01 -0.684425E+06 -0.287476E+00  0.268808E+05  0.214844E-01
 -0.267029E-04  0.751141E+04 -0.400543E-04 -0.967394E+04  0.295410E-01  0.751141E+06
 -0.324249E-04  0.340635E+04  0.905991E-04 -0.226860E+04 -0.544339E-04  0.306888E+01
  0.235265E+02 -0.617504E-04 -0.398831E+03 -0.122070E-03  0.399144E+05  0.999165E-02
  0.207485E+02 -0.278465E-06  0.562517E+00 -0.125729E-07  0.138390E+02  0.305474E-06
 -0.149012E-06  0.337755E+02  0.327826E-05 -0.434288E+02 -0.259399E-03  0.337763E+04
 -0.596046E-06  0.207986E+02  0.822358E-06 -0.138764E+02  0.710133E-08 -0.984669E-04
  0.398415E+03 -0.610352E-04  0.709939E+04  0.784302E-02 -0.709427E+06  0.134216E+00
  0.562668E+00  0.163269E-02  0.485478E+04  0.160694E-02  0.378412E+00 -0.762939E-04
  0.447035E-07 -0.248287E+02  0.116974E-05  0.319187E+02  0.121117E-03 -0.248289E+04
 -0.521541E-07 -0.152985E+02 -0.266125E-06  0.102083E+02 -0.214321E-06 -0.581443E-04
  0.170012E+02 -0.810623E-05 -0.284558E+03  0.381470E-05  0.284786E+05  0.500011E-02
  0.148097E+02  0.625849E-06  0.402601E+00 -0.616536E-06  0.988005E+01  0.707805E-06
  0.222235E-08  0.440087E-01  0.640284E-09 -0.730666E-01  0.447035E-07  0.431516E+01
  0.125510E-09  0.490403E-05 -0.111697E-10 -0.236642E-04  0.114824E-10  0.951258E-02
 0.1974
  0.181412E+03 -0.262260E-05  0.439327E+00 -0.309944E-05  0.188930E+03  0.603199E-04
  0.324976E+02 -0.268936E-03  0.814923E+03 -0.133634E-03  0.219194E+02 -0.762939E-05
 -0.125170E-05  0.180965E+03 -0.315905E-05 -0.232492E+03  0.801086E-04  0.180965E+05
 -0.894070E-07  0.728577E+02 -0.292435E-06 -0.485031E+02  0.658911E-06  0.605838E-01
  0.454247E+00  0.717163E-03  0.245606E+05  0.292969E-02 -0.245605E+07  0.465881E+00
 -0.852794E+03  0.175476E-03  0.683958E+04 -0.171852E-02 -0.567623E+03  0.305176E-03
 -0.160933E-05 -0.234403E+03 -0.175834E-04  0.301174E+03  0.267029E-03 -0.234403E+05
  0.226498E-05 -0.943778E+02  0.160560E-05  0.628292E+02  0.561122E-06 -0.865583E-01
  0.187587E+03 -0.703125E-01 -0.245605E+07 -0.141797E+01  0.245606E+09 -0.162500E+01
  0.853238E+05  0.180664E-01 -0.682913E+06  0.333740E+00  0.567930E+05 -0.390625E-02
 -0.110626E-03  0.180965E+05  0.900269E-03 -0.232492E+05  0.192383E+00  0.180965E+07
  0.381470E-04  0.728597E+04 -0.252724E-04 -0.485043E+04 -0.118315E-03  0.592287E+01
  0.332184E+02 -0.710487E-04 -0.844560E+03  0.972748E-04  0.845013E+05 -0.115108E-01
  0.499069E+02  0.301749E-06 -0.191717E+00  0.846107E-06  0.332712E+02 -0.179112E-04
 -0.700355E-06  0.722810E+02 -0.408292E-05 -0.927579E+02  0.230789E-03  0.722824E+04
  0.417233E-06  0.500701E+02  0.714324E-06 -0.333853E+02 -0.218861E-06 -0.467300E-04
  0.844627E+03  0.381470E-05  0.708968E+04  0.640869E-03 -0.707886E+06  0.844574E-01
 -0.232533E+00 -0.598907E-03  0.644768E+04  0.179958E-02 -0.155627E+00  0.213623E-03
  0.171363E-05 -0.531224E+02  0.211596E-05  0.681580E+02  0.186920E-03 -0.531230E+04
  0.432134E-06 -0.368254E+02 -0.833534E-06  0.245537E+02  0.614673E-07 -0.282526E-04
  0.241812E+02  0.278950E-04 -0.602548E+03  0.166893E-03  0.602880E+05  0.695133E-02
  0.356231E+02  0.316650E-06 -0.141826E+00  0.279397E-07  0.237481E+02  0.368059E-05
  0.954788E-08  0.972458E-01 -0.675209E-08 -0.160773E+00  0.983477E-06  0.961167E+01
 -0.200089E-10  0.546771E-04 -0.721911E-11 -0.423011E-04 -0.745786E-10  0.159685E-02
 0.2462
  0.365589E+03  0.154972E-04  0.678440E+01  0.214577E-04 -0.210900E+03  0.185490E-03
  0.137086E+02  0.226021E-03  0.137589E+04  0.197411E-03  0.107398E+02 -0.114441E-04
  0.178814E-05  0.364277E+03  0.149012E-04 -0.466256E+03  0.127411E-02  0.364277E+05
 -0.226498E-05  0.124353E+03 -0.181422E-05 -0.829164E+02  0.453554E-06  0.689359E-01
  0.684581E+01 -0.367737E-02  0.303990E+05 -0.222168E-01 -0.303989E+07 -0.192993E+00
 -0.143558E+04 -0.186920E-03  0.535295E+04  0.515938E-03 -0.957137E+03 -0.442505E-03
 -0.178814E-05 -0.470186E+03  0.125170E-04  0.601811E+03  0.885010E-03 -0.470186E+05
 -0.953674E-06 -0.160492E+03 -0.448152E-05  0.107020E+03  0.132993E-05 -0.924273E-01
 -0.216792E+03  0.371094E+00 -0.303989E+07 -0.742188E+00  0.303989E+09  0.327109E+02
  0.143579E+06  0.236084E+00 -0.533538E+06  0.915527E-03  0.957311E+05 -0.273438E-01
 -0.175476E-03  0.364277E+05 -0.366211E-03 -0.466256E+05  0.332031E+00  0.364277E+07
 -0.350952E-03  0.124357E+05 -0.136375E-03 -0.829180E+04  0.489950E-04  0.693365E+01
  0.154681E+02  0.562668E-04 -0.142305E+04  0.606537E-03  0.142331E+06 -0.338364E-01
  0.100667E+03 -0.365078E-06 -0.341794E+01 -0.762753E-06  0.671859E+02  0.238419E-06
  0.894070E-07  0.123377E+03  0.298023E-07 -0.157797E+03  0.316620E-03  0.123380E+05
 -0.536442E-06  0.100785E+03 -0.340492E-05 -0.672792E+02  0.959262E-07 -0.469685E-04
  0.142514E+04  0.549316E-03  0.554910E+04  0.259399E-03 -0.553090E+06 -0.154190E-01
 -0.363381E+01 -0.507355E-03  0.802676E+04 -0.229073E-02 -0.241910E+01  0.305176E-04
  0.146031E-05 -0.906431E+02 -0.247359E-05  0.115915E+03 -0.209808E-03 -0.906437E+04
 -0.327826E-06 -0.740963E+02  0.756234E-06  0.494623E+02 -0.796746E-06 -0.104547E-03
  0.119786E+02  0.782013E-04 -0.101511E+04  0.392914E-03  0.101531E+06  0.679398E-02
  0.718390E+02 -0.195950E-05 -0.244325E+01 -0.240351E-05  0.479450E+02 -0.137687E-04
  0.122018E-07  0.149093E+00 -0.135042E-07 -0.238346E+00 -0.149012E-05  0.149443E+02
 -0.272848E-10 -0.452576E-05  0.180904E-10  0.698175E-04 -0.221362E-09  0.372138E-03
 0.2949
  0.659700E+03  0.548363E-05  0.178761E+02  0.190735E-05 -0.947151E+03 -0.314713E-04
 -0.768066E+02  0.183105E-03  0.195421E+04  0.255108E-04 -0.464407E+02  0.152588E-04
  0.405312E-05  0.655302E+03  0.169277E-04 -0.835602E+03 -0.151062E-02  0.655302E+05
 -0.238419E-06  0.178571E+03  0.618398E-05 -0.119094E+03  0.407919E-05  0.623775E-01
  0.179979E+02  0.172424E-02  0.360815E+05 -0.787354E-02 -0.360813E+07 -0.114832E+01
 -0.203324E+04 -0.682831E-03  0.250868E+04 -0.247955E-04 -0.135588E+04  0.686646E-03
  0.476837E-06 -0.842429E+03  0.133514E-04  0.107428E+04  0.228882E-02 -0.842429E+05
 -0.214577E-05 -0.229615E+03 -0.650436E-05  0.153123E+03 -0.589155E-05 -0.729003E-01
 -0.959527E+03 -0.419922E+00 -0.360813E+07 -0.937500E-01  0.360811E+09 -0.140625E+02
  0.203238E+06 -0.147705E-01 -0.248381E+06  0.746460E-01  0.135537E+06  0.449219E-01
  0.122070E-03  0.655302E+05  0.305176E-04 -0.835602E+05  0.283203E+00  0.655302E+07
 -0.961304E-03  0.178579E+05 -0.292301E-03 -0.119097E+05  0.165939E-03  0.636145E+01
 -0.712968E+02 -0.147820E-03 -0.201816E+04 -0.568390E-03  0.201740E+06 -0.529480E-01
  0.182028E+03  0.511110E-05 -0.904304E+01  0.141445E-05  0.121425E+03  0.234842E-04
 -0.476837E-05  0.177157E+03  0.953674E-06 -0.225924E+03  0.129700E-02  0.177163E+05
  0.953674E-06  0.181168E+03 -0.365078E-06 -0.120885E+03 -0.128336E-05  0.395775E-04
  0.202246E+04  0.270844E-03  0.259999E+04  0.785828E-03 -0.257424E+06  0.178204E-01
 -0.954192E+01  0.251007E-02  0.957969E+04 -0.795174E-02 -0.638178E+01 -0.396729E-03
  0.274181E-05 -0.130207E+03 -0.193715E-05  0.166028E+03  0.534058E-04 -0.130209E+05
 -0.238419E-06 -0.133195E+03  0.244193E-05  0.888752E+02  0.318512E-06 -0.101089E-03
 -0.476357E+02 -0.991821E-04 -0.144023E+04  0.469208E-03  0.143972E+06 -0.118942E-01
  0.129926E+03 -0.424683E-05 -0.644559E+01 -0.558817E-05  0.866706E+02 -0.331998E-04
 -0.232831E-07  0.309847E+00  0.605360E-08 -0.495628E+00 -0.202656E-05  0.310733E+02
  0.236469E-09  0.149259E-03  0.376303E-10 -0.837018E-04 -0.119428E-09  0.214310E-01
 0.3436
  0.110727E+04  0.123978E-04  0.246562E+02  0.190735E-05 -0.106234E+04  0.107002E-02
 -0.303909E+03  0.488281E-03  0.235882E+04 -0.479937E-03 -0.200980E+03  0.160217E-03
 -0.333786E-05  0.109513E+04 -0.333786E-05 -0.138915E+04 -0.915527E-03  0.109513E+06
 -0.121593E-04  0.218671E+03 -0.714138E-05 -0.146251E+03 -0.671763E-05 -0.916157E-01
  0.246835E+02 -0.215149E-02  0.416309E+05 -0.463867E-02 -0.416306E+07 -0.158374E+01
 -0.246019E+04  0.489235E-03 -0.133233E+04 -0.132918E-02 -0.164490E+04  0.854492E-03
 -0.190735E-05 -0.140089E+04  0.605583E-04  0.177721E+04  0.289917E-02 -0.140089E+06
 -0.965595E-05 -0.279873E+03  0.487268E-05  0.187207E+03  0.281259E-05  0.961661E-01
 -0.106377E+04 -0.373047E+00 -0.416306E+07  0.203125E+01  0.416305E+09 -0.595859E+02
  0.245653E+06 -0.264282E-01  0.136229E+06  0.741577E-02  0.164252E+06  0.429688E-01
  0.155640E-02  0.109513E+06  0.823975E-03 -0.138915E+06  0.140625E+00  0.109513E+08
  0.732422E-03  0.218684E+05 -0.576496E-03 -0.146267E+05 -0.557899E-04 -0.958563E+01
 -0.296423E+03  0.290871E-03 -0.243841E+04 -0.192261E-02  0.243486E+06 -0.224762E-01
  0.306970E+03 -0.911951E-05 -0.124132E+02  0.564940E-05  0.205029E+03  0.122786E-03
 -0.143051E-05  0.216516E+03  0.101328E-05 -0.274840E+03 -0.144196E-02  0.216519E+05
  0.274181E-05  0.303032E+03  0.128150E-05 -0.202445E+03  0.685453E-06  0.136375E-03
  0.244296E+04  0.141978E-03 -0.138251E+04  0.117302E-03  0.141353E+06 -0.540924E-02
 -0.131024E+02 -0.227356E-02  0.111120E+05 -0.120544E-02 -0.876888E+01  0.488281E-03
 -0.151992E-05 -0.159175E+03 -0.339746E-05  0.202121E+03 -0.621796E-03 -0.159185E+05
  0.357628E-06 -0.222659E+03  0.366569E-05  0.148769E+03  0.150595E-05  0.238419E-05
 -0.210215E+03 -0.581741E-04 -0.174075E+04  0.656128E-03  0.173826E+06  0.796890E-02
  0.219036E+03 -0.164211E-04 -0.891589E+01  0.449736E-05  0.146317E+03  0.491142E-04
  0.377186E-07 -0.184443E-01  0.144355E-07 -0.181649E-01 -0.298023E-06 -0.191231E+01
 -0.436557E-10  0.137426E-04  0.773070E-11 -0.347887E-03  0.543423E-10 -0.691283E-01
 0.3923
  0.176244E+04 -0.195503E-04  0.947973E+01  0.343323E-04  0.127298E+04  0.291061E-02
 -0.674866E+03  0.181198E-03  0.234241E+04  0.666142E-03 -0.451002E+03 -0.205994E-03
 -0.238419E-05  0.173813E+04 -0.429153E-04 -0.219219E+04 -0.823975E-02  0.173813E+06
 -0.715256E-06  0.219671E+03  0.432879E-05 -0.146862E+03  0.237301E-05  0.749779E-02
  0.934398E+01 -0.360107E-02  0.468304E+05 -0.107422E-01 -0.468303E+07  0.524292E+00
 -0.245143E+04  0.484467E-03 -0.554076E+04 -0.161839E-02 -0.164044E+04 -0.915527E-03
  0.138283E-04 -0.221080E+04  0.548363E-04  0.278806E+04 -0.408936E-02 -0.221080E+06
 -0.405312E-05 -0.279795E+03  0.980124E-05  0.187063E+03  0.756606E-05  0.173030E-01
  0.128801E+04 -0.367188E+00 -0.468303E+07  0.118750E+01  0.468305E+09 -0.547266E+02
  0.244282E+06  0.278320E-01  0.557036E+06  0.756836E-01  0.163467E+06 -0.937500E-01
  0.183105E-02  0.173813E+06  0.915527E-02 -0.219219E+06  0.449219E+00  0.173813E+08
 -0.134277E-02  0.219671E+05  0.300407E-04 -0.146858E+05  0.547171E-03 -0.107056E+00
 -0.669413E+03 -0.762939E-04 -0.242979E+04  0.142670E-02  0.242125E+06 -0.536118E-01
  0.489561E+03  0.188947E-04 -0.486881E+01 -0.613555E-05  0.327236E+03 -0.422001E-04
  0.417233E-06  0.217735E+03 -0.184774E-05 -0.275057E+03  0.312805E-03  0.217731E+05
  0.953674E-06  0.480661E+03 -0.903010E-05 -0.321363E+03  0.104308E-06  0.165939E-03
  0.242758E+04  0.593185E-03 -0.574652E+04 -0.149536E-02  0.577717E+06 -0.788422E-01
 -0.504080E+01 -0.274658E-03  0.125803E+05 -0.317383E-02 -0.337617E+01 -0.915527E-04
  0.625849E-06 -0.159915E+03  0.405312E-05  0.202036E+03  0.131607E-02 -0.159910E+05
 -0.405312E-05 -0.353169E+03  0.395626E-05  0.236135E+03  0.935048E-06  0.762939E-04
 -0.478254E+03 -0.162125E-03 -0.173496E+04  0.370026E-03  0.172885E+06  0.436974E-01
  0.349420E+03 -0.238419E-05 -0.336429E+01  0.167079E-05  0.233571E+03 -0.909567E-04
  0.158325E-07  0.158462E+00  0.395812E-08 -0.156037E+00 -0.447035E-07  0.146875E+02
  0.869477E-09  0.753581E-04  0.778755E-11 -0.521662E-04  0.667370E-09 -0.337648E-01
 0.4410
  0.269351E+04  0.276566E-04 -0.396083E+02 -0.186920E-03  0.733113E+04 -0.751495E-03
 -0.117700E+04 -0.148773E-03  0.166850E+04 -0.665188E-03 -0.785834E+03 -0.366211E-03
  0.286102E-05  0.265990E+04 -0.905991E-04 -0.333131E+04 -0.100098E-01  0.265990E+06
 -0.411272E-05  0.155560E+03  0.533089E-05 -0.103788E+03  0.356045E-05  0.562305E-01
 -0.397789E+02  0.302124E-02  0.521667E+05 -0.352783E-01 -0.521672E+07  0.123535E+00
 -0.177185E+04 -0.317383E-02 -0.934061E+04 -0.310898E-03 -0.118453E+04 -0.549316E-03
  0.152588E-04 -0.335934E+04  0.305176E-04  0.420886E+04 -0.266113E-01 -0.335934E+06
 -0.103712E-04 -0.197393E+03  0.118092E-05  0.131727E+03 -0.330620E-06 -0.986638E-01
  0.734900E+04  0.878906E-01 -0.521672E+07  0.117188E+01  0.521682E+09  0.896016E+02
  0.175697E+06  0.102539E+00  0.936149E+06  0.147705E-01  0.117454E+06 -0.000000E+00
 -0.610352E-03  0.265990E+06  0.146484E-02 -0.333131E+06  0.773438E+00  0.265990E+08
 -0.229645E-02  0.155561E+05  0.309229E-03 -0.103784E+05  0.927448E-04  0.604095E+01
 -0.117116E+04  0.232697E-03 -0.175897E+04  0.671387E-03  0.174418E+06 -0.372009E-01
  0.747173E+03  0.423193E-05  0.203278E+02 -0.112727E-04  0.499125E+03  0.325918E-03
  0.202656E-05  0.154306E+03  0.673532E-05 -0.194192E+03 -0.663757E-03  0.154305E+05
 -0.810623E-05  0.735401E+03 -0.597537E-05 -0.491371E+03  0.104308E-06  0.131607E-03
  0.172998E+04  0.453949E-03 -0.968561E+04  0.239563E-02  0.970722E+06 -0.549622E-01
  0.210663E+02  0.482178E-02  0.141332E+05 -0.371933E-03  0.140473E+02 -0.457764E-03
  0.339746E-05 -0.113101E+03 -0.149012E-05  0.142375E+03 -0.171661E-03 -0.113096E+05
  0.119209E-05 -0.539874E+03 -0.661612E-05  0.360832E+03  0.239909E-05 -0.548363E-03
 -0.835763E+03  0.262260E-03 -0.125569E+04 -0.240326E-03  0.124511E+06  0.339308E-01
  0.532999E+03  0.867844E-04  0.144421E+02  0.752509E-06  0.356162E+03  0.303984E-04
 -0.219443E-07  0.221401E+00 -0.135042E-07 -0.288104E+00 -0.143051E-05  0.226688E+02
  0.389991E-08 -0.490507E-04 -0.663931E-10  0.661827E-04  0.192495E-08  0.343331E+00
 0.4897
  0.397268E+04  0.753403E-04 -0.101955E+03 -0.572205E-04  0.151306E+05  0.311279E-02
 -0.169570E+04 -0.460148E-04  0.158227E+03  0.958517E-05 -0.113430E+04 -0.236511E-03
  0.953674E-05  0.394944E+04 -0.110626E-03 -0.490998E+04 -0.512695E-02  0.394944E+06
 -0.327080E-05  0.393150E+01  0.113854E-06 -0.216352E+01  0.260590E-05 -0.144852E+00
 -0.101950E+03 -0.102844E-01  0.570651E+05 -0.111084E-01 -0.570664E+07  0.689575E+00
 -0.253503E+03 -0.146484E-02 -0.117214E+05 -0.158882E-02 -0.170563E+03 -0.732422E-03
 -0.114441E-04 -0.495400E+04 -0.167847E-03  0.615903E+04 -0.133057E-01 -0.495400E+06
 -0.113994E-05 -0.664976E+01  0.113389E-06  0.385319E+01  0.204999E-05  0.295815E+00
  0.151346E+05 -0.593750E+00 -0.570664E+07  0.154688E+01  0.570683E+09 -0.661719E+02
  0.232289E+05 -0.208984E+00  0.117233E+07  0.469727E+00  0.156339E+05  0.117188E-01
 -0.195312E-02  0.394944E+06  0.106201E-01 -0.490998E+06  0.229688E+01  0.394944E+08
  0.606537E-03  0.393533E+03 -0.812113E-05 -0.216163E+03  0.205960E-03 -0.174600E+02
 -0.168551E+04 -0.362396E-04 -0.252730E+03 -0.129700E-03  0.231688E+05  0.392151E-02
  0.109713E+04  0.318885E-04  0.518317E+02  0.914931E-05  0.734125E+03 -0.100136E-04
  0.488758E-05  0.397898E+01  0.506639E-06 -0.665310E+01  0.648499E-04  0.398078E+03
  0.214577E-04  0.109354E+04 -0.244230E-04 -0.731926E+03  0.294298E-05  0.322342E-03
  0.161671E+03  0.119019E-02 -0.121635E+05 -0.305176E-04  0.121654E+07 -0.411987E-02
  0.541597E+02 -0.432587E-02  0.156604E+05 -0.464439E-02  0.362395E+02  0.183105E-03
 -0.137091E-05 -0.243802E+01  0.268221E-06  0.425835E+01  0.133514E-04 -0.243631E+03
  0.166893E-04 -0.803134E+03 -0.213534E-04  0.537524E+03  0.220537E-05 -0.352859E-03
 -0.120448E+04  0.190735E-04 -0.181477E+03 -0.190735E-05  0.166424E+05 -0.596046E-02
  0.783261E+03 -0.285506E-04  0.370406E+02  0.783801E-05  0.524079E+03  0.834465E-04
  0.232831E-06  0.428280E+00  0.372529E-08 -0.484660E+00  0.670552E-06  0.394430E+02
  0.197906E-08 -0.624283E-03 -0.654836E-10  0.545866E-03 -0.821365E-08 -0.125918E+00
 0.5385
  0.575459E+04 -0.179291E-03 -0.105804E+03 -0.350952E-03  0.176657E+05 -0.156403E-02
 -0.200342E+04  0.648499E-04 -0.216136E+04  0.576496E-03 -0.134088E+04 -0.976562E-03
 -0.152588E-04  0.576992E+04 -0.417709E-03 -0.711042E+04  0.102539E-01  0.576992E+06
 -0.953674E-05 -0.240015E+03  0.692904E-05  0.161303E+03  0.429153E-05  0.207761E+00
 -0.105675E+03 -0.161743E-02  0.620359E+05 -0.341797E-02 -0.620372E+07  0.560791E+00
  0.207852E+04  0.234985E-02 -0.119662E+05 -0.269508E-02  0.139017E+04 -0.256348E-02
  0.114441E-04 -0.717299E+04 -0.591278E-04  0.883754E+04 -0.756836E-02 -0.717299E+06
  0.211000E-04  0.295395E+03 -0.642240E-05 -0.198532E+03 -0.705943E-06 -0.367799E+00
  0.176585E+05  0.273438E-01 -0.620372E+07 -0.131250E+01  0.620394E+09 -0.225688E+03
 -0.210303E+06  0.478516E-01  0.119394E+07 -0.195068E+00 -0.140655E+06  0.781250E-02
 -0.427246E-02  0.576992E+06  0.122070E-02 -0.711042E+06  0.271875E+01  0.576991E+08
 -0.122070E-03 -0.239979E+05  0.230789E-03  0.161275E+05 -0.163960E-02  0.241292E+02
 -0.197860E+04  0.389576E-03  0.206146E+04  0.570297E-03 -0.208570E+06  0.137329E-03
  0.157842E+04 -0.494719E-04  0.536241E+02 -0.211000E-04  0.105698E+04  0.208855E-03
 -0.131130E-05 -0.238164E+03 -0.104904E-04  0.290633E+03  0.526428E-03 -0.238151E+05
  0.209808E-04  0.159892E+04 -0.401437E-04 -0.107098E+04 -0.183284E-05 -0.324249E-03
 -0.223784E+04 -0.556946E-03 -0.124220E+05 -0.976562E-02  0.123943E+07  0.415039E-01
  0.561349E+02  0.209045E-02  0.172834E+05 -0.110817E-02  0.375760E+02 -0.152588E-02
 -0.190735E-05  0.175197E+03  0.569224E-05 -0.213761E+03  0.159073E-02  0.175185E+05
 -0.286102E-05 -0.117274E+04 -0.412762E-04  0.785622E+03  0.201166E-05 -0.915527E-04
 -0.140836E+04  0.562668E-04  0.146778E+04  0.776291E-03 -0.148504E+06  0.102234E-02
  0.112587E+04 -0.531673E-04  0.380678E+02 -0.363141E-04  0.754025E+03  0.953674E-06
 -0.186265E-08  0.275394E+00 -0.243308E-07 -0.428169E+00  0.265986E-05  0.314968E+02
  0.407454E-08 -0.476520E-03  0.545697E-10  0.486902E-03  0.797672E-08 -0.728340E+00
 0.5872
  0.823381E+04  0.839233E-04  0.298551E+02 -0.228882E-04  0.706558E+04 -0.355530E-02
 -0.164889E+04 -0.188065E-02 -0.494239E+04  0.499630E-02 -0.110825E+04  0.151062E-02
 -0.476837E-04  0.828020E+04 -0.509262E-03 -0.101162E+05  0.512695E-02  0.828020E+06
  0.791550E-04 -0.544670E+03  0.640750E-05  0.366763E+03 -0.142716E-04 -0.151220E+01
  0.298824E+02  0.436401E-02  0.668229E+05  0.146484E-02 -0.668225E+07  0.345459E+00
  0.488570E+04  0.550079E-02 -0.956536E+04 -0.431633E-02  0.327283E+04  0.732422E-03
 -0.267029E-04 -0.102049E+05 -0.419617E-03  0.124652E+05 -0.126953E-01 -0.102049E+07
 -0.157356E-04  0.666972E+03 -0.326633E-04 -0.448913E+03  0.223517E-07  0.265936E+01
  0.707046E+04 -0.296875E+00 -0.668226E+07  0.703125E+00  0.668234E+09  0.365625E+03
 -0.490584E+06 -0.171875E+00  0.950492E+06 -0.182495E+00 -0.328634E+06  0.234375E+00
 -0.341797E-02  0.828020E+06  0.878906E-02 -0.101162E+07  0.300000E+01  0.828020E+08
  0.152588E-03 -0.544655E+05  0.837326E-03  0.366746E+05  0.577211E-03 -0.173947E+03
 -0.163967E+04  0.251770E-03  0.484943E+04 -0.762939E-03 -0.486942E+06  0.158554E+00
  0.225252E+04 -0.293255E-04 -0.152418E+02 -0.385046E-04  0.151066E+04  0.138283E-03
 -0.333786E-05 -0.540297E+03 -0.488758E-05  0.655916E+03  0.610352E-03 -0.540285E+05
  0.133514E-04  0.229569E+04 -0.326931E-04 -0.154004E+04  0.265241E-05  0.224686E-02
 -0.513235E+04 -0.173187E-02 -0.992841E+04  0.561523E-02  0.986573E+06  0.102158E+00
 -0.160314E+02  0.125122E-01  0.188795E+05  0.496292E-02 -0.106619E+02  0.103760E-02
 -0.584126E-05  0.397881E+03 -0.133514E-04 -0.483011E+03  0.610352E-03  0.397865E+05
  0.667572E-05 -0.168395E+04 -0.721216E-04  0.112932E+04  0.129640E-05 -0.178146E-02
 -0.117307E+04 -0.261307E-03  0.345872E+04 -0.503540E-03 -0.347299E+06 -0.806198E-01
  0.160746E+04  0.462532E-04 -0.108787E+02  0.299513E-05  0.107772E+04  0.696182E-04
 -0.528991E-06 -0.919543E-01 -0.745058E-07  0.862098E+00  0.977516E-05 -0.342351E+02
  0.756700E-09  0.364007E-03 -0.498403E-09 -0.419993E-03 -0.139753E-07 -0.252875E+00
 0.6359
  0.117808E+05  0.183105E-03  0.261983E+03  0.305176E-04 -0.119637E+05  0.915527E-04
 -0.153562E+03  0.160217E-03 -0.734796E+04  0.637054E-03 -0.104122E+03  0.152588E-03
  0.762939E-05  0.117435E+05 -0.381470E-03 -0.142012E+05 -0.173340E-01  0.117435E+07
  0.524521E-05 -0.820527E+03 -0.370890E-04  0.551245E+03 -0.225008E-05 -0.123775E+01
  0.262700E+03 -0.280762E-02  0.702790E+05  0.150146E-01 -0.702758E+07 -0.264648E+00
  0.736056E+04  0.133514E-02 -0.451276E+04 -0.152493E-02  0.493705E+04  0.915527E-03
 -0.534058E-04 -0.143349E+05  0.732422E-03  0.173345E+05  0.683594E-01 -0.143349E+07
  0.381470E-05  0.996668E+03 -0.208169E-04 -0.669555E+03 -0.313967E-04  0.170831E+01
 -0.120152E+05  0.132422E+01 -0.702758E+07 -0.396875E+01  0.702743E+09  0.632812E+02
 -0.736237E+06  0.888672E-01  0.442376E+06  0.219727E-02 -0.493828E+06  0.320312E+00
  0.244141E-02  0.117434E+07 -0.217285E-01 -0.142012E+07  0.528125E+01  0.117435E+09
  0.854492E-03 -0.820504E+05  0.181770E-02  0.551231E+05  0.266552E-03 -0.994331E+02
 -0.154400E+03 -0.190735E-03  0.730216E+04  0.930786E-03 -0.730396E+06 -0.839996E-01
  0.324753E+04  0.281334E-04 -0.132681E+03 -0.402704E-04  0.217971E+04 -0.688553E-03
 -0.357628E-05 -0.815260E+03  0.195503E-04  0.981265E+03  0.451660E-02 -0.815233E+05
  0.209808E-04  0.325825E+04  0.272989E-04 -0.218760E+04  0.931323E-05  0.305176E-04
 -0.761957E+04  0.534058E-04 -0.468782E+04  0.915527E-04  0.459560E+06  0.391750E-01
 -0.139448E+03 -0.436401E-02  0.200824E+05 -0.683212E-02 -0.936003E+02 -0.976562E-03
 -0.116825E-04  0.599088E+03  0.512600E-05 -0.720823E+03  0.187683E-02  0.599069E+05
 -0.190735E-04 -0.239211E+04  0.472963E-04  0.160631E+04  0.466406E-05  0.511169E-03
 -0.111337E+03  0.923157E-03  0.521323E+04 -0.396729E-03 -0.521453E+06  0.505676E-01
  0.232081E+04 -0.108480E-03 -0.949110E+02 -0.536814E-05  0.155794E+04  0.227928E-03
 -0.543892E-06 -0.312967E+00 -0.596046E-07  0.582794E+00 -0.476837E-05 -0.434519E+01
  0.365544E-07 -0.215654E-02 -0.203727E-09  0.112146E-02 -0.189175E-07  0.303141E+01
 0.6846
  0.168818E+05  0.205994E-03  0.311455E+03  0.427246E-03 -0.109887E+05  0.296021E-02
  0.283457E+04  0.119019E-02 -0.815767E+04  0.489235E-03  0.190369E+04 -0.122070E-03
  0.495911E-04  0.165701E+05 -0.236511E-03 -0.198000E+05 -0.115234E+00  0.165701E+07
 -0.367165E-04 -0.919877E+03 -0.134408E-04  0.619475E+03  0.219345E-04  0.444614E+01
  0.311758E+03  0.915527E-03  0.736692E+05  0.927734E-02 -0.736655E+07  0.347046E+00
  0.832564E+04 -0.164986E-03  0.214905E+04 -0.343323E-03  0.559174E+04 -0.610352E-03
 -0.724792E-04 -0.199769E+05 -0.389099E-03  0.238897E+05 -0.566406E-01 -0.199770E+07
 -0.108242E-03  0.110540E+04  0.261664E-04 -0.744974E+03 -0.294372E-04 -0.558725E+01
 -0.109966E+05  0.101562E+00 -0.736655E+07  0.140625E+01  0.736642E+09  0.770469E+02
 -0.829163E+06 -0.274658E-01 -0.224674E+06  0.579834E-03 -0.556888E+06  0.125488E+00
 -0.146484E-02  0.165701E+07 -0.126953E-01 -0.198000E+07 -0.440625E+01  0.165701E+09
  0.518799E-02 -0.919862E+05  0.242996E-02  0.619460E+05 -0.199795E-02  0.441570E+03
  0.281623E+04  0.923157E-03  0.826959E+04 -0.277710E-02 -0.823581E+06  0.192261E-02
  0.472182E+04  0.700951E-04 -0.157020E+03 -0.776500E-04  0.317238E+04 -0.329971E-03
  0.121593E-04 -0.912897E+03 -0.391006E-04  0.108718E+04 -0.610352E-03 -0.912855E+05
 -0.820160E-04  0.460532E+04  0.449419E-04 -0.309513E+04  0.366569E-05  0.588989E-02
 -0.846544E+04 -0.497818E-03  0.223008E+04  0.358582E-03 -0.233134E+06 -0.897217E-02
 -0.165004E+03  0.457764E-03  0.212004E+05 -0.452805E-02 -0.110755E+03  0.793457E-03
  0.290871E-04  0.670287E+03  0.233650E-04 -0.798773E+03  0.457764E-04  0.670252E+05
 -0.286102E-04 -0.337581E+04 -0.540614E-04  0.227073E+04  0.627339E-05 -0.482941E-02
  0.201312E+04 -0.324249E-03  0.590127E+04  0.976562E-03 -0.587712E+06  0.367279E-01
  0.337080E+04  0.105858E-03 -0.111921E+03  0.918433E-04  0.226661E+04 -0.591278E-04
  0.419095E-06  0.205107E+01  0.141561E-06 -0.258432E+01  0.715256E-05  0.199891E+03
  0.931323E-09  0.163392E-02  0.135333E-08 -0.702753E-03  0.160944E-07  0.827659E+00
 0.7333
  0.236351E+05 -0.167847E-03 -0.130548E+03  0.823975E-03  0.409810E+05 -0.244446E-01
  0.688986E+04  0.862122E-03 -0.593202E+04 -0.977516E-03  0.463891E+04  0.854492E-03
 -0.305176E-04  0.231031E+05  0.102997E-02 -0.273204E+05 -0.234375E-01  0.231031E+07
 -0.286102E-05 -0.644479E+03 -0.185147E-04  0.434735E+03  0.192635E-04 -0.247753E+00
 -0.129659E+03 -0.115967E-02  0.761456E+05  0.756836E-02 -0.761472E+07  0.106689E+00
  0.638913E+04  0.279236E-02  0.858722E+04  0.128365E-02  0.430123E+04 -0.854492E-03
 -0.106812E-03 -0.275819E+05  0.946045E-03  0.325906E+05 -0.571289E-01 -0.275819E+07
 -0.324249E-04  0.769551E+03  0.200272E-04 -0.518595E+03 -0.901148E-05  0.702410E+00
  0.409441E+05  0.110938E+01 -0.761471E+07 -0.625000E-01  0.761520E+09 -0.149109E+03
 -0.630738E+06 -0.313477E+00 -0.865741E+06  0.112549E+00 -0.424625E+06  0.394531E+00
  0.195312E-02  0.231031E+07 -0.161133E-01 -0.273204E+07  0.450000E+01  0.231031E+09
 -0.149536E-02 -0.644471E+05 -0.235176E-02  0.434723E+05  0.484705E-03 -0.131809E+02
  0.682236E+04 -0.991821E-03  0.633854E+04  0.198364E-02 -0.625769E+06 -0.120842E+00
  0.666676E+04 -0.192642E-03  0.668827E+02 -0.816584E-05  0.449475E+04 -0.761032E-03
 -0.250340E-05 -0.639814E+03 -0.596046E-05  0.756888E+03 -0.149536E-02 -0.639764E+05
 -0.305176E-04  0.644650E+04  0.146866E-03 -0.434788E+04 -0.176132E-04  0.823975E-03
 -0.616159E+04  0.190735E-03  0.892095E+04  0.213623E-02 -0.899372E+06 -0.239563E-01
  0.697396E+02  0.526428E-02  0.221710E+05 -0.167847E-02  0.468403E+02  0.225830E-02
  0.352263E-04  0.469203E+03 -0.119209E-05 -0.554623E+03 -0.320435E-02  0.469154E+05
 -0.267029E-04 -0.473045E+04 -0.864267E-04  0.318762E+04 -0.228584E-04 -0.289917E-03
  0.486548E+04  0.339508E-03  0.452693E+04 -0.158691E-02 -0.446931E+06  0.132439E+00
  0.476712E+04 -0.101566E-03  0.476003E+02  0.367165E-04  0.321121E+04  0.117874E-02
 -0.251457E-07 -0.109216E+01  0.279397E-07  0.204751E+01  0.147820E-04 -0.100468E+03
 -0.433065E-07  0.506537E-03 -0.160071E-08  0.491242E-03  0.131186E-07 -0.630746E+01
 0.7821
  0.321469E+05 -0.457764E-03 -0.714420E+03 -0.549316E-03  0.108993E+06 -0.182495E-01
  0.101525E+05 -0.944138E-04 -0.100308E+03  0.757575E-04  0.686263E+04  0.801086E-04
  0.228882E-04  0.320244E+05  0.991821E-04 -0.374376E+05 -0.287109E+00  0.320245E+07
  0.417233E-05  0.122637E+03 -0.219420E-05 -0.854856E+02  0.185911E-04 -0.857686E+00
 -0.717226E+03  0.112305E-01  0.781765E+05 -0.122070E-02 -0.781849E+07  0.195410E+01
  0.898606E+03 -0.187683E-02  0.122480E+05 -0.659180E-02  0.611909E+03  0.146484E-02
 -0.228882E-04 -0.378346E+05  0.923157E-03  0.441901E+05  0.781250E-02 -0.378346E+07
  0.482500E-04 -0.135410E+03 -0.562519E-06  0.946152E+02 -0.710785E-05  0.102810E+01
  0.109385E+06 -0.742188E-01 -0.781849E+07  0.426562E+01  0.781977E+09  0.765625E+00
 -0.779512E+05 -0.180664E+00 -0.122490E+07  0.148682E+00 -0.531409E+05 -0.117188E+00
 -0.302734E-01  0.320245E+07 -0.517578E-01 -0.374377E+07  0.512500E+01  0.320244E+09
 -0.497818E-02  0.122612E+05 -0.411510E-03 -0.854686E+04 -0.291002E-02 -0.790038E+02
  0.100679E+05 -0.915527E-04  0.884526E+03 -0.106812E-03 -0.766684E+05 -0.470428E-01
  0.898703E+04  0.614643E-03  0.360155E+03 -0.170231E-03  0.607853E+04  0.135422E-03
  0.345707E-04  0.121467E+03  0.369549E-05 -0.132692E+03  0.244141E-03  0.121514E+05
  0.267029E-03  0.897923E+04 -0.212193E-04 -0.607526E+04  0.256300E-05  0.610352E-03
 -0.106095E+03  0.129700E-02  0.127401E+05 -0.216675E-02 -0.127411E+07  0.372894E+00
  0.379071E+03  0.215149E-02  0.233035E+05 -0.457764E-04  0.256235E+03 -0.000000E+00
 -0.834465E-05 -0.918620E+02  0.131130E-05  0.100593E+03 -0.282288E-03 -0.919012E+04
  0.228882E-04 -0.660037E+04 -0.344276E-03  0.446639E+04  0.104606E-04 -0.161743E-02
  0.721125E+04 -0.362396E-03  0.637513E+03  0.205994E-03 -0.553124E+05  0.601959E-02
  0.644183E+04 -0.321627E-03  0.257912E+03 -0.127792E-03  0.435771E+04 -0.191116E-02
  0.511296E-06 -0.718964E+00  0.819564E-07  0.771645E+00 -0.572205E-05 -0.621785E+02
  0.197906E-08  0.448322E-02  0.294676E-08 -0.293224E-02 -0.408545E-08 -0.743038E+01
 0.8308
  0.436224E+05  0.320435E-03 -0.299490E+03  0.854492E-03  0.801698E+05 -0.465698E-01
  0.912161E+04  0.650787E-02  0.808938E+04 -0.307274E-02  0.618084E+04 -0.164795E-02
  0.427246E-03  0.443359E+05  0.610352E-03 -0.510848E+05 -0.166016E+00  0.443359E+07
  0.121117E-03  0.124731E+04 -0.473857E-05 -0.849857E+03  0.425205E-04 -0.199417E+01
 -0.300917E+03 -0.793457E-03  0.815215E+05 -0.634766E-02 -0.815250E+07  0.205444E+01
 -0.712819E+04 -0.279236E-02  0.115002E+05 -0.630760E-02 -0.481426E+04  0.201416E-02
 -0.457764E-03 -0.515661E+05  0.915527E-04  0.594482E+05  0.263672E-01 -0.515660E+07
 -0.495911E-04 -0.142818E+04 -0.526905E-04  0.973569E+03  0.155270E-04  0.228444E+01
  0.804111E+05  0.390625E+00 -0.815250E+07 -0.346875E+01  0.815343E+09  0.147078E+03
  0.723354E+06 -0.187500E+00 -0.114064E+07 -0.490601E+00  0.488560E+06 -0.136719E+00
 -0.195312E-01  0.443359E+07 -0.246094E+00 -0.510848E+07 -0.242500E+02  0.443359E+09
  0.181274E-01  0.124723E+06 -0.211334E-02 -0.849813E+05 -0.117302E-02 -0.236587E+03
  0.905284E+04 -0.136948E-02 -0.707048E+04  0.422668E-02  0.717491E+06  0.281891E+00
  0.120456E+05 -0.295639E-03  0.148142E+03  0.379443E-03  0.815596E+04  0.965118E-03
 -0.391006E-04  0.123950E+04 -0.228882E-04 -0.140668E+04 -0.378418E-02  0.123947E+06
  0.335693E-03  0.125008E+05 -0.250340E-04 -0.846696E+04 -0.238419E-06  0.500488E-02
  0.841558E+04 -0.329590E-02  0.119528E+05 -0.114136E-01 -0.118554E+07 -0.384979E+00
  0.155858E+03 -0.747681E-02  0.248967E+05  0.139961E-01  0.105756E+03 -0.854492E-03
  0.109673E-04 -0.914970E+03  0.146627E-04  0.103880E+04  0.212097E-02 -0.914966E+05
 -0.381470E-04 -0.917494E+04  0.512719E-03  0.621996E+04  0.357032E-04  0.854492E-03
  0.648532E+04 -0.328064E-03 -0.505606E+04  0.328064E-03  0.513088E+06 -0.459747E-01
  0.862707E+04 -0.810623E-04  0.106209E+03  0.789762E-04  0.584698E+04 -0.984192E-03
 -0.406057E-06 -0.230119E+01  0.186265E-07  0.295524E+01 -0.643730E-05 -0.259942E+03
  0.171363E-06  0.545165E-02 -0.139698E-08 -0.343750E-02  0.482250E-07  0.191279E+01
 0.8795
  0.607567E+05  0.610352E-03  0.115066E+04 -0.915527E-03 -0.460041E+05 -0.157410E+00
 -0.216362E+03  0.163269E-02  0.146932E+05 -0.129318E-02 -0.144054E+03 -0.610352E-04
  0.274658E-03  0.605747E+05  0.137329E-02 -0.689086E+05  0.128906E+00  0.605747E+07
 -0.905991E-04  0.212832E+04 -0.440478E-04 -0.145294E+04 -0.292957E-04 -0.301290E+01
  0.115102E+04 -0.167236E-01  0.821876E+05 -0.239258E-01 -0.821744E+07 -0.411499E+01
 -0.141756E+05  0.128937E-02  0.554707E+04  0.144005E-03 -0.959284E+04  0.524902E-02
 -0.305176E-04 -0.695348E+05  0.292969E-02  0.790731E+05 -0.466797E+00 -0.695348E+07
  0.108719E-03 -0.241477E+04  0.621974E-04  0.164626E+04 -0.304580E-04  0.328606E+01
 -0.459160E+05  0.234375E+00 -0.821744E+07 -0.650000E+01  0.821691E+09  0.709062E+02
  0.141727E+07  0.976562E-02 -0.537911E+06  0.761719E-01  0.959097E+06  0.441406E+00
  0.234375E-01  0.605747E+07  0.214844E-01 -0.689086E+07 -0.180000E+02  0.605747E+09
 -0.512695E-02  0.212812E+06  0.479507E-02 -0.145279E+06 -0.133133E-02 -0.348940E+03
 -0.210710E+03  0.305176E-04 -0.140688E+05 -0.521851E-02  0.140659E+07  0.704956E-02
  0.170941E+05 -0.333786E-03 -0.577397E+03 -0.218451E-04  0.116126E+05  0.178528E-02
  0.381470E-05  0.211576E+04  0.262260E-04 -0.237892E+04 -0.878906E-02  0.211557E+06
  0.534058E-04  0.172168E+05  0.173807E-03 -0.117007E+05 -0.141263E-04 -0.117798E-01
  0.152946E+05  0.105286E-02  0.576733E+04  0.122070E-02 -0.559281E+06  0.105125E+00
 -0.605400E+03 -0.143433E-02  0.254536E+05 -0.145493E-01 -0.410438E+03 -0.732422E-03
 -0.476837E-05 -0.156276E+04  0.953674E-06  0.175514E+04  0.405884E-02 -0.156260E+06
  0.534058E-04 -0.126603E+05 -0.510216E-04  0.859598E+04  0.258684E-04  0.369263E-02
 -0.146202E+03 -0.198364E-03 -0.100688E+05  0.445557E-02  0.100668E+07  0.854492E-02
  0.122739E+05  0.724792E-04 -0.414543E+03 -0.264108E-03  0.833020E+04  0.729370E-02
 -0.125170E-05 -0.350224E+01  0.249594E-06  0.360355E+01 -0.190735E-05 -0.392278E+03
 -0.309199E-06 -0.124443E-01  0.768341E-08  0.812866E-02 -0.182481E-07  0.399460E+02
 0.9282
  0.844728E+05 -0.122070E-03  0.703149E+03 -0.976562E-03  0.244347E+05 -0.426025E-01
 -0.170557E+05  0.547791E-02  0.136080E+05  0.594139E-02 -0.116318E+05 -0.140381E-02
 -0.274658E-03  0.815885E+05  0.291443E-02 -0.915711E+05  0.486328E+00  0.815885E+07
  0.362396E-04  0.181179E+04  0.295937E-04 -0.124200E+04  0.518486E-04 -0.696218E+01
  0.709194E+03  0.139160E-01  0.790717E+05 -0.356445E-01 -0.790638E+07  0.715332E+00
 -0.144865E+05  0.113297E-02 -0.317773E+04 -0.115299E-02 -0.988927E+04  0.158691E-02
 -0.595093E-03 -0.925903E+05 -0.119019E-02  0.103933E+06 -0.820312E-01 -0.925904E+07
 -0.524521E-04 -0.203994E+04 -0.864267E-05  0.139909E+04  0.184253E-04  0.708809E+01
  0.242068E+05 -0.110156E+01 -0.790638E+07  0.295312E+01  0.790665E+09 -0.548594E+02
  0.142929E+07 -0.876465E-01  0.333121E+06  0.471802E-01  0.975733E+06  0.820312E-01
  0.546875E-01  0.815885E+07  0.314453E+00 -0.915711E+07 -0.140000E+02  0.815885E+09
  0.695801E-02  0.181149E+06  0.266266E-02 -0.124178E+06  0.370789E-02 -0.694580E+03
 -0.169241E+05 -0.318909E-02 -0.143311E+05 -0.118408E-01  0.141398E+07  0.929115E+00
  0.246843E+05  0.113678E-02 -0.344867E+03 -0.545144E-03  0.168606E+05 -0.350952E-02
 -0.283718E-04  0.180106E+04 -0.524521E-05 -0.200439E+04 -0.262451E-02  0.180066E+06
  0.152588E-03  0.234803E+05  0.671864E-03 -0.160454E+05  0.232816E-03  0.142822E-01
  0.142048E+05  0.984192E-03 -0.331728E+04 -0.199890E-02  0.347684E+06 -0.472107E-01
 -0.364908E+03 -0.387573E-02  0.247045E+05  0.287247E-02 -0.249203E+03  0.183105E-02
  0.941753E-05 -0.133377E+04  0.619888E-04  0.148450E+04 -0.964355E-02 -0.133344E+06
 -0.152588E-04 -0.173400E+05 -0.148773E-03  0.118476E+05  0.269413E-04 -0.781250E-02
 -0.121930E+05 -0.105286E-02 -0.103265E+05  0.421143E-02  0.101888E+07 -0.248779E+00
  0.178128E+05 -0.608444E-03 -0.248767E+03 -0.235319E-03  0.121651E+05 -0.900269E-03
  0.558794E-07 -0.477661E+01  0.208616E-06  0.424989E+01  0.190735E-05 -0.473555E+03
 -0.186265E-06  0.391489E-02  0.137370E-07 -0.312591E-02 -0.594067E-06  0.628367E+01
 0.9769
  0.109463E+06 -0.518799E-03 -0.195718E+04  0.830078E-02  0.316625E+06  0.170898E-01
 -0.294067E+05  0.342178E-02  0.205994E+04  0.967503E-03 -0.201298E+05  0.315857E-02
  0.915527E-04  0.108859E+06 -0.610352E-03 -0.120344E+06  0.455078E+00  0.108859E+08
 -0.643730E-04 -0.246077E+03  0.143051E-05  0.174141E+03 -0.948049E-04 -0.138586E+02
 -0.196383E+04 -0.695801E-02  0.784190E+05 -0.251465E-01 -0.784409E+07 -0.132593E+01
 -0.447457E+04 -0.106812E-02 -0.967850E+04 -0.142479E-02 -0.307174E+04  0.170898E-02
  0.610352E-03 -0.121714E+06  0.549316E-03  0.134558E+06 -0.158203E+00 -0.121714E+08
 -0.563264E-05  0.254960E+03 -0.547618E-05 -0.180806E+03 -0.697076E-04  0.158410E+02
  0.317823E+06 -0.570312E+00 -0.784409E+07 -0.656250E+00  0.784761E+09 -0.487750E+03
  0.414639E+06 -0.278320E+00  0.970114E+06 -0.993652E-01  0.284710E+06  0.781250E-01
  0.312500E-01  0.108859E+08 -0.201172E+00 -0.120344E+08  0.400000E+01  0.108859E+10
 -0.460815E-02 -0.246373E+05  0.661373E-03  0.174328E+05 -0.264335E-02 -0.137242E+04
 -0.292162E+05  0.274658E-03 -0.443808E+04  0.222778E-02  0.411366E+06  0.165283E+00
  0.321877E+05  0.100136E-02  0.970921E+03 -0.249863E-03  0.220883E+05  0.440979E-02
  0.953674E-05 -0.243706E+03 -0.126362E-04  0.249469E+03 -0.915527E-03 -0.244184E+05
  0.457764E-03  0.319293E+05 -0.104427E-03 -0.219195E+05 -0.259876E-04  0.466309E-01
  0.214913E+04 -0.146484E-02 -0.100852E+05 -0.457764E-02  0.101088E+07  0.438446E+00
  0.102108E+04  0.111084E-01  0.250720E+05  0.183868E-02  0.698744E+03 -0.109863E-02
 -0.214577E-05  0.185714E+03 -0.109673E-04 -0.190420E+03  0.123596E-02  0.186025E+05
  0.106812E-03 -0.235986E+05 -0.162125E-03  0.161925E+05  0.925064E-04 -0.355835E-01
 -0.210530E+05  0.518799E-03 -0.320370E+04  0.155640E-02  0.296985E+06  0.101334E+00
  0.232663E+05 -0.598907E-03  0.699331E+03  0.370979E-03  0.159584E+05 -0.904846E-02
 -0.458676E-07 -0.831712E+01 -0.201166E-06  0.907469E+01 -0.290871E-04 -0.814679E+03
  0.157952E-05  0.284311E-01  0.165310E-07 -0.206017E-01 -0.188360E-06 -0.658265E+02
 1.0256
  0.138628E+06  0.427246E-03 -0.280368E+03  0.122070E-03  0.179425E+06 -0.273926E+00
 -0.183872E+05 -0.508118E-02 -0.141174E+05 -0.148010E-02 -0.126832E+05  0.781250E-02
 -0.158691E-02  0.142374E+06  0.793457E-03 -0.155622E+06  0.312500E-01  0.142374E+08
  0.310898E-03 -0.299271E+04 -0.213981E-04  0.208473E+04  0.113994E-04  0.438284E+01
 -0.281842E+03 -0.117188E-01  0.795979E+05 -0.144043E-01 -0.796009E+07 -0.704590E+00
  0.116766E+05 -0.869751E-03 -0.989597E+04 -0.431824E-02  0.801495E+04 -0.201416E-02
 -0.119019E-02 -0.157048E+06  0.247192E-02  0.171557E+06 -0.109375E+00 -0.157048E+08
  0.572205E-04  0.322929E+04  0.762939E-05 -0.224820E+04 -0.939965E-04 -0.704563E+01
  0.179922E+06 -0.107031E+01 -0.796010E+07 -0.715625E+01  0.796206E+09  0.218594E+02
 -0.118784E+07  0.517578E-01  0.974015E+06 -0.703369E+00 -0.815407E+06  0.703125E-01
  0.273438E-01  0.142374E+08 -0.195312E+00 -0.155622E+08 -0.727500E+02  0.142374E+10
  0.249023E-01 -0.299258E+06  0.934601E-03  0.208461E+06  0.520134E-02  0.446598E+03
 -0.182509E+05 -0.541687E-03  0.115706E+05  0.362396E-02 -0.117704E+07 -0.695190E-01
  0.405985E+05 -0.289917E-03  0.128233E+03 -0.652790E-03  0.280479E+05  0.392151E-02
 -0.133514E-04 -0.297495E+04  0.238419E-04  0.318063E+04  0.512695E-02 -0.297496E+06
 -0.610352E-04  0.428413E+05 -0.583649E-03 -0.296057E+05 -0.884533E-04 -0.782471E-01
 -0.147432E+05 -0.259399E-02 -0.103003E+05 -0.112915E-02  0.101378E+07  0.261978E+00
  0.135845E+03 -0.701904E-02  0.261850E+05 -0.101013E-01  0.939397E+02  0.854492E-03
  0.619888E-04  0.222052E+04 -0.267029E-04 -0.237284E+04  0.109863E-02  0.222050E+06
  0.640869E-03 -0.317248E+05 -0.102997E-03  0.219214E+05  0.206470E-03  0.503540E-01
 -0.132105E+05 -0.263214E-03  0.832744E+04  0.396729E-03 -0.847203E+06  0.142242E+00
  0.294290E+05 -0.255585E-03  0.936242E+02  0.375032E-03  0.203298E+05 -0.405884E-02
  0.111759E-06  0.305885E+01 -0.339001E-06 -0.480663E+01 -0.214577E-04  0.322880E+03
 -0.953674E-06 -0.359669E-01  0.547152E-08  0.231306E-01  0.586093E-06 -0.102337E+03
 1.0744
  0.187217E+06 -0.451660E-02  0.305930E+04  0.244141E-03 -0.103773E+06 -0.159912E+00
  0.233528E+05 -0.515747E-02 -0.210829E+05 -0.385666E-02  0.161839E+05  0.244141E-03
 -0.610352E-03  0.181143E+06 -0.695801E-02 -0.195697E+06  0.605469E+00  0.181143E+08
 -0.265121E-03 -0.353260E+04 -0.364780E-04  0.247494E+04  0.507087E-04  0.228194E+02
  0.309795E+04  0.134277E-02  0.735400E+05  0.178223E-01 -0.735064E+07 -0.299072E+00
  0.217395E+05 -0.839233E-04 -0.284482E+04 -0.131035E-02  0.150911E+05  0.247192E-02
  0.152588E-02 -0.197850E+06  0.292969E-02  0.213537E+06 -0.125000E+00 -0.197850E+08
  0.175476E-03  0.378033E+04 -0.423193E-05 -0.264877E+04  0.230700E-03 -0.251909E+02
 -0.106761E+06  0.679688E+00 -0.735066E+07  0.607812E+01  0.734948E+09  0.226484E+03
 -0.214835E+07  0.644531E-01  0.261539E+06  0.145416E+00 -0.149137E+07 -0.240234E+00
 -0.234375E-01  0.181144E+08 -0.285156E+00 -0.195697E+08 -0.325000E+02  0.181143E+10
 -0.104980E-01 -0.353158E+06  0.328445E-02  0.247419E+06  0.831985E-02  0.231374E+04
  0.231933E+05  0.341797E-02  0.214867E+05  0.103760E-02 -0.212335E+07 -0.839783E+00
  0.584102E+05  0.724792E-03 -0.146999E+04  0.785232E-03  0.406077E+05  0.230408E-01
  0.333786E-05 -0.351571E+04 -0.448227E-04  0.372002E+04  0.518799E-02 -0.351462E+06
 -0.000000E+00  0.563391E+05  0.416756E-03 -0.391893E+05  0.762939E-05 -0.233154E-01
 -0.220871E+05 -0.930786E-03 -0.296950E+04  0.317383E-02  0.273016E+06  0.424194E-01
 -0.156300E+04  0.732422E-02  0.245000E+05  0.230026E-01 -0.108458E+04  0.292969E-02
  0.514984E-04  0.263841E+04 -0.596046E-04 -0.279131E+04 -0.146484E-02  0.263754E+06
 -0.579834E-03 -0.419778E+05 -0.551224E-03  0.292057E+05  0.133753E-03  0.308838E-01
  0.168822E+05  0.485229E-02  0.156492E+05  0.756836E-02 -0.154650E+07 -0.750809E+00
  0.426313E+05 -0.293732E-02 -0.107095E+04  0.932693E-03  0.296436E+05  0.170898E-02
  0.152737E-06  0.222658E+02 -0.437722E-07 -0.235237E+02 -0.419617E-04  0.225442E+04
 -0.633299E-07 -0.388966E-01 -0.651926E-08  0.236429E-01 -0.131543E-05 -0.568077E+02
 1.1231
  0.228744E+06 -0.354004E-02 -0.252761E+04 -0.976562E-03  0.496139E+06 -0.523193E+00
  0.562118E+05 -0.276184E-02 -0.706725E+04 -0.228691E-02  0.392062E+05 -0.100708E-01
 -0.549316E-03  0.224989E+06  0.305176E-03 -0.239548E+06  0.582031E+00  0.224989E+08
  0.246286E-03 -0.267381E+02  0.106767E-04  0.138440E+02  0.696741E-04  0.393011E+02
 -0.255820E+04 -0.130005E-01  0.677360E+05 -0.137939E-01 -0.677635E+07  0.531982E+00
  0.114211E+05 -0.115204E-02  0.540447E+04 -0.224113E-02  0.799229E+04 -0.344849E-02
  0.109863E-02 -0.242562E+06 -0.640869E-02  0.258285E+06  0.750000E+00 -0.242562E+08
 -0.498295E-04  0.413174E+02  0.271574E-05 -0.241637E+02  0.119475E-03 -0.404717E+02
  0.500689E+06  0.289062E+00 -0.677634E+07  0.315625E+01  0.678169E+09 -0.406250E+01
 -0.108132E+07  0.947266E-01 -0.548052E+06 -0.122925E+00 -0.756820E+06  0.246094E+00
 -0.585938E-01  0.224989E+08  0.171875E+00 -0.239548E+08 -0.800000E+01  0.224989E+10
 -0.189514E-01 -0.251620E+04  0.963211E-04  0.127373E+04  0.185633E-02  0.398983E+04
  0.558596E+05 -0.363159E-02  0.112325E+05  0.128174E-02 -0.106324E+07  0.211731E+00
  0.751069E+05 -0.255585E-03  0.119283E+04  0.775337E-03  0.525029E+05 -0.155640E-02
  0.238419E-04 -0.313519E+02  0.133514E-04  0.459780E+02 -0.671387E-03 -0.294702E+04
 -0.103760E-02  0.729418E+05 -0.136566E-02 -0.510132E+05 -0.793934E-04  0.727539E-01
 -0.743707E+04 -0.465393E-03  0.566251E+04 -0.503540E-03 -0.574198E+06  0.186295E+00
  0.126689E+04  0.439453E-02  0.229242E+05 -0.198975E-01  0.883073E+03 -0.317383E-02
  0.109673E-04  0.178044E+02 -0.381470E-05 -0.286585E+02 -0.915527E-04  0.163773E+04
  0.274658E-03 -0.546012E+05  0.981331E-03  0.381916E+05 -0.613928E-03 -0.488281E-01
  0.409334E+05 -0.262451E-02  0.824742E+04 -0.256348E-02 -0.780754E+06  0.404358E-01
  0.551251E+05 -0.126266E-02  0.873375E+03 -0.918388E-03  0.385390E+05  0.175018E-01
  0.166148E-05  0.331047E+02 -0.342727E-06 -0.335245E+02 -0.953674E-06  0.339080E+04
 -0.375509E-05  0.641347E-01 -0.000000E+00 -0.444796E-01 -0.650762E-06  0.186691E+03
 1.1718
  0.262555E+06  0.244141E-03 -0.947206E+03 -0.659180E-02  0.370686E+06  0.322266E-01
  0.272325E+05 -0.183105E-02  0.153669E+05 -0.101776E-01  0.191531E+05 -0.659180E-02
 -0.366211E-03  0.271874E+06 -0.329590E-02 -0.286099E+06 -0.675781E+00  0.271874E+08
  0.236511E-03  0.448012E+04 -0.424385E-04 -0.319314E+04 -0.104457E-03 -0.531998E+01
 -0.935043E+03  0.253296E-01  0.694012E+05 -0.141602E-01 -0.694112E+07 -0.689697E+00
 -0.118928E+05  0.468445E-02  0.822554E+04  0.756264E-02 -0.838727E+04  0.567627E-02
  0.427246E-03 -0.289186E+06  0.317383E-02  0.305442E+06 -0.828125E+00 -0.289186E+08
 -0.495911E-03 -0.461900E+04 -0.109553E-03  0.329887E+04  0.704825E-05  0.934032E+01
  0.370728E+06 -0.121875E+01 -0.694113E+07 -0.132812E+01  0.694505E+09  0.101500E+03
  0.121831E+07  0.189453E+00 -0.805983E+06 -0.186768E-01  0.859237E+06  0.429688E+00
 -0.453125E+00  0.271874E+08  0.683594E+00 -0.286099E+08  0.300000E+01  0.271874E+10
  0.195312E-02  0.448022E+06 -0.276947E-02 -0.319321E+06  0.226898E-01 -0.573296E+03
  0.270547E+05 -0.220490E-02 -0.116767E+05  0.514984E-02  0.119640E+07  0.351257E+00
  0.872886E+05 -0.354004E-02  0.448397E+03  0.239372E-03  0.614967E+05  0.181274E-01
  0.146866E-03  0.445456E+04  0.252724E-04 -0.454327E+04  0.354004E-02  0.445492E+06
  0.201416E-02  0.926600E+05  0.164700E-02 -0.653029E+05 -0.243187E-04 -0.134033E+00
  0.161768E+05  0.152588E-04  0.856409E+04  0.518799E-02 -0.839045E+06 -0.202866E+00
  0.466970E+03 -0.146484E-01  0.239301E+05  0.220070E-01  0.329391E+03 -0.158691E-02
  0.514984E-04 -0.338885E+04  0.290871E-04  0.346280E+04 -0.955200E-02 -0.338913E+06
 -0.610352E-04 -0.696533E+05 -0.638962E-04  0.492134E+05  0.414848E-04  0.109131E+00
  0.199415E+05  0.117874E-02 -0.863305E+04 -0.357056E-02  0.884565E+06  0.511993E+00
  0.644015E+05 -0.144958E-03  0.330903E+03 -0.405788E-03  0.454956E+05 -0.162659E-01
 -0.127777E-05 -0.559501E+01 -0.365078E-06  0.868343E+01 -0.143051E-04 -0.605815E+03
 -0.113249E-05 -0.466987E-01 -0.866130E-07  0.283697E-01 -0.299281E-05  0.452939E+03
 1.2205
  0.334010E+06  0.146484E-02  0.411877E+04  0.244141E-02 -0.633280E+05 -0.130469E+01
 -0.573005E+05  0.173340E-01  0.219633E+05  0.190926E-01 -0.406971E+05 -0.341797E-02
  0.183105E-03  0.317876E+06  0.189209E-02 -0.331728E+06  0.773438E+00  0.317876E+08
 -0.572205E-03  0.374508E+04 -0.452399E-04 -0.269932E+04 -0.716299E-04 -0.851565E+02
  0.414542E+04  0.415039E-02  0.608779E+05 -0.288086E-01 -0.608342E+07  0.870483E+00
 -0.249722E+05 -0.907898E-03  0.260973E+04 -0.175953E-03 -0.176661E+05  0.155640E-02
 -0.170898E-02 -0.335113E+06 -0.500488E-02  0.348750E+06  0.105469E+01 -0.335113E+08
  0.511169E-03 -0.381107E+04 -0.916123E-04  0.273969E+04  0.217184E-03  0.861937E+02
 -0.645613E+05  0.484375E+00 -0.608342E+07 -0.390625E+00  0.608269E+09 -0.425000E+01
  0.243643E+07 -0.232910E+00 -0.237810E+06  0.963135E-01  0.172348E+07  0.105469E+00
 -0.164062E+00  0.317876E+08 -0.132812E+00 -0.331728E+08 -0.525000E+02  0.317876E+10
  0.388184E-01  0.374197E+06  0.484467E-03 -0.269706E+06  0.990295E-02 -0.846132E+04
 -0.569793E+05 -0.299072E-02 -0.246604E+05 -0.329590E-02  0.240583E+07  0.419361E+00
  0.120959E+06  0.436401E-02 -0.184545E+04  0.244904E-02  0.862165E+05 -0.245361E-01
  0.677705E-04  0.373270E+04  0.820160E-04 -0.375869E+04 -0.168457E-01  0.372928E+06
 -0.262451E-02  0.114743E+06 -0.671387E-03 -0.818406E+05 -0.216007E-03  0.473633E-01
  0.230916E+05 -0.152588E-03  0.272172E+04 -0.610352E-03 -0.247924E+06 -0.782471E-01
 -0.195064E+04 -0.354004E-02  0.213087E+05 -0.205994E-02 -0.138504E+04 -0.122070E-02
  0.117481E-03 -0.286054E+04 -0.123978E-04  0.287331E+04  0.151367E-01 -0.285789E+06
  0.164795E-02 -0.869835E+05 -0.314713E-04  0.619384E+05  0.796318E-04 -0.434570E-01
 -0.422770E+05  0.451660E-02 -0.182344E+05  0.823975E-02  0.177881E+07  0.120626E+01
  0.900553E+05  0.111389E-02 -0.137006E+04 -0.358343E-03  0.640876E+05  0.958252E-02
  0.596046E-05 -0.710520E+02  0.312924E-06  0.702121E+02  0.124693E-03 -0.705976E+04
 -0.452995E-05 -0.619934E-01 -0.968575E-07  0.449721E-01 -0.141189E-05 -0.877628E+02
 1.2692
  0.353277E+06  0.134277E-02 -0.474739E+04  0.244141E-02  0.839386E+06  0.148438E+00
 -0.754984E+05 -0.000000E+00  0.630081E+03  0.411034E-03 -0.542149E+05  0.378418E-02
 -0.274658E-02  0.360227E+06  0.122070E-02 -0.372259E+06  0.687500E+00  0.360227E+08
 -0.421524E-03 -0.255303E+04 -0.271499E-04  0.186628E+04  0.278845E-03 -0.947914E+02
 -0.482936E+04 -0.500488E-02  0.529901E+05  0.246582E-01 -0.530407E+07  0.179614E+01
 -0.672608E+04 -0.154877E-02 -0.423855E+04  0.208282E-02 -0.483777E+04 -0.335693E-03
 -0.183105E-03 -0.376537E+06 -0.122070E-02  0.388906E+06  0.335938E+00 -0.376538E+08
 -0.896454E-04  0.257424E+04  0.765026E-04 -0.188160E+04  0.137255E-03  0.959985E+02
  0.849688E+06  0.132812E+00 -0.530401E+07  0.135938E+01  0.531286E+09  0.163750E+02
  0.592967E+06  0.234375E-01  0.424521E+06 -0.184326E+00  0.426539E+06 -0.445312E+00
  0.937500E-01  0.360227E+08  0.335938E+00 -0.372259E+08 -0.120000E+03  0.360228E+10
 -0.292969E-01 -0.255680E+06  0.715637E-02  0.186901E+06 -0.550270E-02 -0.959356E+04
 -0.751166E+05 -0.201416E-02 -0.656706E+04 -0.231934E-02  0.577945E+06 -0.154846E+00
  0.136917E+06 -0.827789E-02  0.197858E+04  0.558758E-02  0.987200E+05  0.191650E-01
  0.110626E-03 -0.253178E+04 -0.619888E-05  0.252154E+04 -0.135193E-01 -0.253625E+06
 -0.122070E-03  0.138527E+06  0.105095E-02 -0.999210E+05  0.109911E-02  0.247559E+00
  0.681760E+03  0.961304E-03 -0.444790E+04  0.296021E-02  0.445502E+06 -0.652924E-01
  0.210653E+04  0.555420E-02  0.191428E+05 -0.139694E-01  0.151255E+04 -0.219727E-02
 -0.100136E-03  0.196490E+04  0.810623E-04 -0.195701E+04 -0.128479E-01  0.196829E+06
 -0.610352E-04 -0.105979E+06 -0.529289E-03  0.764586E+05 -0.127983E-02 -0.171387E+00
 -0.562961E+05  0.701904E-03 -0.492173E+04 -0.390625E-02  0.433124E+06  0.485229E-01
  0.102992E+06  0.206757E-02  0.148264E+04  0.128365E-02  0.742742E+05 -0.202332E-01
  0.126064E-04 -0.928407E+02 -0.894070E-06  0.937037E+02  0.118256E-03 -0.943622E+04
  0.584126E-05  0.303356E+00 -0.433065E-07 -0.232707E+00  0.398024E-05 -0.232320E+03
 1.3179
  0.399000E+06 -0.903320E-02  0.329204E+04  0.195312E-02  0.781369E+05  0.429688E+00
  0.204694E+05 -0.106812E-01 -0.204481E+05  0.106430E-02  0.148266E+05  0.244141E-02
  0.177002E-02  0.397777E+06  0.164795E-02 -0.406353E+06  0.585938E+00  0.397777E+08
  0.301361E-03 -0.555294E+04  0.194311E-04  0.410533E+04  0.421703E-05  0.652469E+02
  0.334543E+04 -0.166016E-01  0.516401E+05  0.325928E-01 -0.516054E+07 -0.682373E-01
  0.204769E+05  0.241089E-02 -0.536342E+04  0.367546E-02  0.149800E+05 -0.610352E-04
 -0.732422E-03 -0.411520E+06 -0.671387E-02  0.421662E+06  0.515625E+00 -0.411520E+08
 -0.465393E-03  0.547593E+04  0.650287E-04 -0.405650E+04  0.117391E-03 -0.628571E+02
  0.756620E+05 -0.421875E+00 -0.516057E+07  0.453125E+00  0.516130E+09  0.269750E+03
 -0.202635E+07  0.130859E+00  0.514831E+06  0.304810E+00 -0.148259E+07 -0.375000E+00
  0.312500E-01  0.397777E+08 -0.351562E+00 -0.406353E+08  0.126500E+03  0.397777E+10
  0.170898E-01 -0.555038E+06 -0.643921E-02  0.410345E+06  0.767708E-02  0.644817E+04
  0.204048E+05  0.238037E-02  0.200694E+05 -0.585938E-02 -0.198581E+07 -0.501099E+00
  0.160283E+06 -0.163269E-02 -0.113734E+04  0.164843E-02  0.116736E+06 -0.209961E-01
  0.381470E-05 -0.553326E+04 -0.848770E-04  0.538743E+04  0.122070E-03 -0.553076E+06
 -0.976562E-03  0.163378E+06 -0.373459E-02 -0.119042E+06 -0.120544E-02 -0.455078E+00
 -0.216695E+05 -0.274658E-03 -0.559942E+04 -0.100708E-02  0.537296E+06 -0.205475E+00
 -0.121012E+04 -0.205383E-01  0.188615E+05  0.131989E-02 -0.876841E+03 -0.976562E-03
  0.138283E-04  0.433411E+04 -0.886917E-04 -0.422795E+04  0.147705E-01  0.433218E+06
  0.103760E-02 -0.126008E+06  0.311279E-02  0.919053E+05 -0.711918E-03  0.374023E+00
  0.154152E+05 -0.549316E-02  0.152728E+05 -0.762939E-02 -0.151137E+07  0.118999E+01
  0.121663E+06 -0.682068E-02 -0.859540E+03  0.894547E-03  0.886987E+05  0.159302E-01
 -0.226498E-05  0.583618E+02 -0.125915E-05 -0.563486E+02  0.212669E-03  0.577649E+04
 -0.661612E-05 -0.334363E+00  0.236556E-06  0.249870E+00  0.768946E-05  0.304137E+03
 1.3667
  0.440608E+06  0.192871E-01 -0.906824E+03  0.488281E-03  0.538000E+06  0.472168E+00
  0.101943E+06  0.167847E-02 -0.119773E+05 -0.470352E-02  0.748969E+05  0.842285E-02
 -0.268555E-02  0.428414E+06  0.573730E-02 -0.434922E+06  0.343750E+00  0.428414E+08
 -0.667572E-04  0.103356E+03 -0.877678E-05 -0.741064E+02  0.451701E-03  0.215586E+03
 -0.930173E+03  0.136719E-01  0.455687E+05 -0.139160E-01 -0.455783E+07  0.502686E+00
  0.186372E+05 -0.512600E-04  0.350977E+03 -0.687599E-03  0.137051E+05 -0.291443E-02
 -0.189209E-02 -0.439719E+06 -0.238037E-02  0.447128E+06 -0.312500E+00 -0.439719E+08
 -0.140190E-03 -0.137458E+03 -0.168681E-04  0.975713E+02  0.287138E-03 -0.211252E+03
  0.542832E+06 -0.296875E+00 -0.455781E+07 -0.326562E+01  0.456334E+09 -0.153031E+03
 -0.175745E+07  0.278320E-01 -0.476333E+05 -0.112915E-02 -0.129237E+07 -0.331543E+00
 -0.859375E-01  0.428414E+08  0.593750E+00 -0.434922E+08 -0.128000E+03  0.428414E+10
 -0.390625E-02  0.112248E+05 -0.247955E-04 -0.807935E+04 -0.106180E-01  0.215452E+05
  0.101441E+06 -0.323486E-02  0.184926E+05 -0.145264E-01 -0.174408E+07  0.343018E+00
  0.195899E+06  0.823975E-03 -0.198673E+02 -0.438690E-03  0.144585E+06  0.856934E-01
 -0.408173E-03  0.861725E+02 -0.429153E-04 -0.117313E+03 -0.366211E-03  0.956866E+04
  0.183105E-02  0.187959E+06 -0.359726E-02 -0.138814E+06 -0.925064E-03  0.574219E+00
 -0.125901E+05  0.320435E-03  0.342935E+03  0.534058E-03 -0.474264E+05  0.116409E+00
 -0.240353E+02 -0.601196E-02  0.166782E+05 -0.749588E-02 -0.175670E+02 -0.244141E-03
  0.953674E-04 -0.646557E+02  0.572205E-05  0.880751E+02 -0.207520E-02 -0.722259E+04
 -0.158691E-02 -0.146367E+06  0.696182E-03  0.108179E+06  0.154543E-02 -0.406250E+00
  0.774957E+05 -0.122070E-02  0.141213E+05 -0.634766E-02 -0.133175E+07  0.507111E+00
  0.150243E+06 -0.390625E-02 -0.150158E+02 -0.858307E-05  0.110969E+06  0.163574E-01
 -0.208616E-06  0.195668E+03  0.327080E-05 -0.188172E+03 -0.127316E-03  0.195554E+05
  0.745058E-06  0.476519E+00  0.623986E-07 -0.368302E+00  0.316789E-05  0.400618E+03
 1.4154
  0.435562E+06  0.976562E-03 -0.152942E+04  0.390625E-02  0.592285E+06 -0.424805E+00
  0.190931E+05  0.964355E-02  0.120323E+05  0.780869E-02  0.141868E+05 -0.195312E-02
  0.109863E-02  0.451561E+06 -0.427246E-02 -0.456204E+06 -0.149219E+01  0.451561E+08
  0.667572E-03  0.561211E+04 -0.160992E-03 -0.428187E+04 -0.115260E-03  0.809579E+01
 -0.152331E+04  0.921631E-02  0.397763E+05 -0.310059E-01 -0.397921E+07  0.145239E+01
 -0.999888E+04 -0.233459E-02  0.395322E+04 -0.122643E-02 -0.740118E+04  0.103760E-02
 -0.134277E-02 -0.461147E+06 -0.213623E-02  0.463833E+06 -0.175781E+01 -0.461147E+08
 -0.270844E-03 -0.539743E+04 -0.135243E-03  0.411061E+04 -0.430971E-03 -0.807127E+01
  0.594146E+06 -0.164062E+01 -0.397923E+07 -0.492188E+00  0.398525E+09 -0.120328E+03
  0.101996E+07 -0.419922E-01 -0.382975E+06 -0.880737E-01  0.754890E+06 -0.390625E-01
 -0.500000E+00  0.451561E+08  0.143750E+01 -0.456204E+08  0.267000E+03  0.451561E+10
 -0.654297E-01  0.561320E+06 -0.306702E-02 -0.428272E+06  0.360680E-01  0.737498E+03
  0.189216E+05  0.115204E-01 -0.974811E+04 -0.730896E-02  0.994588E+06 -0.679657E+00
  0.201871E+06  0.169373E-02  0.104408E+04  0.424957E-02  0.151276E+06 -0.678711E-01
  0.591278E-04  0.558750E+04  0.174046E-04 -0.531281E+04 -0.625610E-03  0.558888E+06
  0.537109E-02  0.210935E+06  0.374603E-02 -0.158093E+06 -0.587463E-03 -0.567871E+00
  0.128046E+05  0.915527E-03  0.417154E+04  0.138855E-02 -0.404088E+06 -0.915527E-04
  0.110681E+04  0.579834E-03  0.148623E+05  0.969505E-02  0.823202E+03 -0.134277E-02
 -0.681877E-04 -0.448586E+04 -0.953674E-06  0.425762E+04 -0.764465E-02 -0.448702E+06
 -0.488281E-02 -0.166220E+06 -0.248146E-02  0.124363E+06  0.107479E-02  0.406250E+00
  0.145950E+05  0.219727E-02 -0.748343E+04  0.104218E-01  0.763449E+06  0.918121E+00
  0.156882E+06  0.451660E-02  0.806308E+03 -0.621796E-03  0.117347E+06 -0.128784E-01
 -0.298023E-07  0.543320E+01  0.149012E-06 -0.560343E+01 -0.419617E-04  0.468487E+03
  0.786781E-05 -0.427208E+00 -0.132248E-06  0.318339E+00 -0.105966E-04 -0.171067E+03
 1.4641
  0.490869E+06  0.561523E-02  0.287204E+04 -0.268555E-02  0.206377E+06  0.740723E+00
 -0.106364E+06 -0.372314E-02  0.157643E+05 -0.286102E-02 -0.804227E+05  0.170898E-02
  0.402832E-02  0.467119E+06  0.915527E-02 -0.469345E+06  0.890625E+00  0.467119E+08
  0.802994E-03  0.145262E+04  0.827014E-06 -0.113886E+04 -0.401717E-03 -0.339139E+03
  0.295887E+04  0.811768E-02  0.342781E+05  0.152588E-01 -0.342474E+07  0.257080E+01
 -0.222241E+05 -0.610352E-03  0.184289E+04  0.148296E-02 -0.168358E+05 -0.402832E-02
  0.183105E-02 -0.474650E+06 -0.622559E-02  0.476380E+06 -0.226562E+00 -0.474650E+08
  0.576019E-03 -0.131803E+04 -0.818074E-05  0.103540E+04 -0.226948E-03  0.322511E+03
  0.200879E+06  0.142188E+01 -0.342481E+07 -0.406250E+00  0.342673E+09  0.176492E+03
  0.211172E+07  0.133301E+00 -0.167983E+06  0.176300E+00  0.159984E+07 -0.201172E+00
 -0.000000E+00  0.467119E+08  0.203125E+00 -0.469345E+08  0.815000E+02  0.467119E+10
 -0.136719E-01  0.143856E+06  0.226307E-02 -0.112794E+06  0.282288E-03 -0.339180E+05
 -0.105930E+06  0.488281E-03 -0.216100E+05 -0.976562E-03  0.205147E+07 -0.481018E+00
  0.240707E+06  0.396729E-02 -0.151644E+04  0.287819E-02  0.183027E+06  0.123169E+00
 -0.486374E-04  0.147468E+04 -0.133514E-04 -0.132625E+04 -0.793457E-03  0.145989E+06
  0.488281E-03  0.231099E+06  0.915527E-03 -0.175837E+06 -0.819206E-03  0.538086E+00
  0.168203E+05 -0.320435E-03  0.190898E+04  0.192261E-02 -0.173603E+06  0.205994E-03
 -0.165353E+04  0.473022E-02  0.131706E+05 -0.118275E-01 -0.125012E+04  0.317383E-02
 -0.208855E-03 -0.121154E+04 -0.667572E-05  0.108986E+04 -0.976562E-03 -0.119949E+06
 -0.000000E+00 -0.184457E+06  0.222397E-02  0.140370E+06 -0.219250E-02 -0.407227E+00
 -0.830128E+05  0.384521E-02 -0.169268E+05 -0.234375E-01  0.160684E+07 -0.159424E+01
  0.189566E+06  0.643921E-02 -0.118774E+04  0.815582E-02  0.144161E+06  0.693359E-01
 -0.596046E-06 -0.306512E+03 -0.245869E-05  0.283733E+03 -0.267029E-04 -0.306832E+05
  0.766665E-05  0.474342E+00  0.169501E-06 -0.371368E+00 -0.193846E-05 -0.224522E+03
 1.5128
  0.456387E+06  0.268555E-02 -0.339089E+04 -0.415039E-02  0.793050E+06  0.917969E-01
 -0.424366E+05  0.543213E-02 -0.507328E+04 -0.699997E-03 -0.324718E+05 -0.152588E-01
  0.610352E-04  0.476721E+06 -0.146484E-02 -0.475197E+06 -0.546875E-01  0.476721E+08
 -0.114441E-03 -0.495529E+04  0.226498E-04  0.390518E+04  0.111446E-03 -0.137118E+03
 -0.350498E+04  0.195312E-02  0.302893E+05 -0.115967E-01 -0.303256E+07  0.125610E+01
  0.244548E+04 -0.104523E-02 -0.233250E+04  0.125408E-03  0.201816E+04 -0.915527E-03
 -0.122070E-03 -0.481363E+06  0.103149E-01  0.483877E+06 -0.734375E+00 -0.481363E+08
  0.343323E-04  0.464803E+04 -0.774860E-05 -0.367280E+04 -0.544503E-03  0.127233E+03
  0.808194E+06 -0.609375E+00 -0.303246E+07 -0.367969E+01  0.304069E+09 -0.163984E+03
 -0.288969E+06 -0.341797E-01  0.227925E+06 -0.120972E+00 -0.236196E+06 -0.195312E-01
 -0.101562E+00  0.476722E+08 -0.176562E+01 -0.475198E+08  0.113000E+03  0.476722E+10
  0.229492E-01 -0.496188E+06 -0.515747E-02  0.391039E+06  0.377426E-01 -0.134767E+05
 -0.421349E+05 -0.753021E-02  0.234512E+04 -0.448608E-02 -0.278308E+06 -0.569153E+00
  0.241793E+06  0.274658E-03  0.158447E+04  0.844955E-02  0.186514E+06  0.100220E+00
 -0.600815E-04 -0.493049E+04 -0.132203E-03  0.456296E+04  0.537109E-02 -0.493725E+06
 -0.244141E-02  0.248197E+06  0.190544E-02 -0.191502E+06 -0.268936E-03 -0.526367E+00
 -0.547186E+04  0.350952E-03 -0.240915E+04  0.793457E-03  0.235176E+06 -0.200400E+00
  0.171275E+04 -0.543213E-02  0.117394E+05 -0.225163E-01  0.131423E+04  0.317383E-02
  0.772476E-04  0.407397E+04  0.174046E-04 -0.377862E+04  0.582886E-02  0.407956E+06
 -0.122070E-03 -0.200530E+06 -0.197220E-02  0.155064E+06  0.105715E-02  0.472656E+00
 -0.333902E+05 -0.457764E-03  0.192077E+04 -0.585938E-02 -0.227103E+06  0.374985E+00
  0.192999E+06 -0.202942E-02  0.125799E+04 -0.173569E-02  0.149204E+06 -0.228882E-01
  0.291467E-04 -0.131267E+03  0.393391E-05  0.119433E+03  0.152588E-03 -0.128663E+05
  0.166893E-04 -0.514620E+00  0.111759E-07  0.386607E+00  0.180574E-04  0.909411E+03
 1.5615
  0.504055E+06 -0.195312E-02  0.365760E+04  0.102539E-01  0.136919E+06  0.245117E+00
  0.986887E+05 -0.360107E-02 -0.145036E+05  0.690460E-02  0.769962E+05  0.107422E-01
 -0.201416E-02  0.480671E+06 -0.561523E-02 -0.478714E+06  0.108594E+01  0.480671E+08
  0.362396E-03 -0.189578E+04  0.437647E-04  0.154381E+04 -0.301771E-03  0.454416E+03
  0.370099E+04  0.305176E-03  0.275225E+05  0.927734E-02 -0.274841E+07  0.104358E+01
  0.201482E+05  0.907898E-03 -0.210134E+04 -0.285602E-02  0.158181E+05 -0.274658E-03
  0.561523E-02 -0.484129E+06 -0.305176E-02  0.483914E+06  0.484375E+00 -0.484128E+08
  0.673294E-03  0.168601E+04  0.333190E-04 -0.137816E+04 -0.703670E-03 -0.420286E+03
  0.136054E+06 -0.578125E+00 -0.274843E+07  0.867188E+00  0.274965E+09  0.679531E+02
 -0.191183E+07 -0.151367E+00  0.194909E+06 -0.178528E-01 -0.150138E+07  0.429688E-01
 -0.320312E+00  0.480671E+08  0.171875E+00 -0.478714E+08  0.183000E+03  0.480672E+10
 -0.297852E-01 -0.187614E+06 -0.583649E-03  0.152803E+06 -0.403838E-01  0.455839E+05
  0.983754E+05  0.134277E-02  0.195575E+05  0.102539E-01 -0.185379E+07 -0.125214E+00
  0.266289E+06  0.808716E-02 -0.159968E+04  0.200462E-02  0.209182E+06 -0.101807E+00
  0.500679E-03 -0.192505E+04  0.991821E-04  0.169725E+04  0.146484E-02 -0.190460E+06
 -0.976562E-03  0.261498E+06 -0.205994E-03 -0.205517E+06 -0.156212E-02  0.556641E+00
 -0.155084E+05  0.503540E-03 -0.217502E+04  0.335693E-03  0.201297E+06 -0.204468E-02
 -0.168669E+04  0.131226E-01  0.108013E+05 -0.694466E-02 -0.131675E+04 -0.244141E-03
  0.572205E-05  0.163644E+04  0.286102E-04 -0.144624E+04 -0.189209E-02  0.161929E+06
 -0.634766E-02 -0.214370E+06 -0.231743E-02  0.168528E+06  0.117159E-02 -0.430176E+00
  0.792496E+05  0.787354E-02  0.157847E+05 -0.100098E-01 -0.149629E+07 -0.758636E+00
  0.215812E+06  0.656128E-02 -0.128870E+04 -0.253487E-02  0.169575E+06 -0.162354E-01
  0.524521E-05  0.465310E+03  0.214577E-05 -0.428411E+03 -0.953674E-03  0.466330E+05
  0.236034E-04  0.454124E+00 -0.201166E-06 -0.379580E+00 -0.130162E-04 -0.401558E+03
 1.6103
  0.462536E+06  0.122070E-02 -0.315521E+04  0.341797E-02  0.775073E+06 -0.402344E+00
  0.493245E+05 -0.189209E-02  0.167017E+04 -0.839233E-04  0.390679E+05 -0.185547E-01
  0.378418E-02  0.480471E+06  0.793457E-02 -0.478605E+06  0.531250E+00  0.480471E+08
 -0.801086E-03  0.432165E+04  0.516176E-04 -0.355270E+04  0.476837E-05  0.248379E+03
 -0.323451E+04  0.341797E-02  0.222601E+05  0.202637E-01 -0.222939E+07  0.993835E+00
  0.406345E+03  0.115204E-02  0.112034E+04  0.181437E-02  0.357475E+03 -0.457764E-03
 -0.305176E-02 -0.483823E+06 -0.500488E-02  0.477628E+06 -0.234375E+00 -0.483823E+08
 -0.461578E-03 -0.397565E+04  0.130534E-04  0.325828E+04 -0.238135E-03 -0.212978E+03
  0.786122E+06  0.160156E+00 -0.222933E+07 -0.113281E+00  0.223726E+09 -0.171875E+00
  0.112350E+05  0.371094E-01 -0.110388E+06  0.477905E-01  0.483729E+04 -0.390625E-02
 -0.105469E+00  0.480471E+08 -0.234375E-01 -0.478605E+08 -0.545000E+02  0.480473E+10
 -0.566406E-01  0.433275E+06 -0.474930E-02 -0.356193E+06 -0.163269E-02  0.244756E+05
  0.489422E+05 -0.190735E-02  0.514594E+03  0.137329E-01 -0.302895E+03 -0.906372E-02
  0.268456E+06 -0.120544E-01  0.144409E+04 -0.277138E-02  0.214862E+06  0.756836E-01
 -0.858307E-05  0.430093E+04  0.476837E-05 -0.390899E+04 -0.939941E-02  0.431233E+06
  0.976562E-03  0.271238E+06  0.271225E-02 -0.217170E+06 -0.840664E-03 -0.740234E+00
  0.188537E+04 -0.175476E-02  0.122290E+04 -0.308990E-03 -0.120476E+06  0.123834E+00
  0.156697E+04  0.799561E-02  0.852362E+04 -0.103951E-01  0.124506E+04  0.341797E-02
  0.159740E-03 -0.368215E+04 -0.374317E-04  0.333710E+04 -0.192261E-02 -0.369206E+06
  0.329590E-02 -0.225881E+06 -0.135231E-02  0.180135E+06 -0.205708E-02  0.560547E+00
  0.399432E+05  0.144958E-02  0.435587E+03  0.555420E-02 -0.227638E+04 -0.135991E+01
  0.221232E+06  0.107269E-01  0.118237E+04  0.432777E-02  0.176349E+06 -0.600586E-01
  0.253916E-04  0.240759E+03 -0.429153E-05 -0.204491E+03  0.160217E-03  0.236870E+05
 -0.169873E-04 -0.299139E+00 -0.215368E-06  0.245803E+00 -0.661334E-04  0.118913E+03
 1.6590
  0.496784E+06  0.463867E-02  0.287964E+04 -0.109863E-01  0.206776E+06  0.627441E-01
 -0.915599E+05  0.366211E-03  0.117287E+05 -0.875473E-03 -0.739857E+05 -0.683594E-02
  0.305176E-03  0.477398E+06 -0.817871E-02 -0.474571E+06  0.945312E+00  0.477397E+08
  0.339508E-03  0.150013E+04 -0.359714E-04 -0.128015E+04 -0.320397E-03 -0.673130E+03
  0.303540E+04  0.146484E-02  0.196542E+05 -0.223389E-01 -0.196223E+07  0.219055E+00
 -0.169843E+05 -0.770569E-03  0.166747E+04 -0.533819E-03 -0.137117E+05  0.305176E-04
 -0.286865E-02 -0.479465E+06  0.421143E-02  0.474682E+06  0.632812E+00 -0.479465E+08
 -0.270844E-03 -0.129341E+04 -0.258908E-04  0.109964E+04  0.312019E-03  0.607326E+03
  0.194373E+06  0.820312E+00 -0.196237E+07 -0.234375E+00  0.196412E+09  0.885391E+02
  0.160139E+07 -0.976562E-01 -0.154519E+06  0.136169E+00  0.129281E+07  0.109375E+00
 -0.257812E+00  0.477398E+08 -0.496094E+00 -0.474571E+08  0.117000E+03  0.477400E+10
  0.764160E-01  0.147267E+06  0.174618E-02 -0.125714E+06 -0.104616E+00 -0.675758E+05
 -0.912878E+05  0.122070E-03 -0.162570E+05  0.231934E-02  0.152962E+07 -0.106082E+01
  0.280486E+06  0.518799E-02 -0.143586E+04 -0.108457E-01  0.228416E+06  0.341797E-01
 -0.170708E-03  0.154049E+04  0.143051E-05 -0.132028E+04 -0.280762E-02  0.151229E+06
  0.732422E-03  0.277418E+06  0.220680E-02 -0.225991E+06 -0.101852E-02  0.731445E+00
  0.126662E+05  0.305176E-04  0.171139E+04 -0.396729E-03 -0.158052E+06 -0.508118E-02
 -0.161514E+04 -0.183411E-01  0.770741E+04  0.553322E-02 -0.130612E+04 -0.549316E-02
  0.143051E-04 -0.136482E+04 -0.290871E-04  0.116446E+04  0.305176E-02 -0.134024E+06
  0.244141E-02 -0.234487E+06  0.278473E-02  0.190833E+06  0.315666E-02 -0.657227E+00
 -0.759074E+05 -0.231934E-02 -0.134904E+05 -0.561523E-02  0.126927E+07  0.182251E+01
  0.234820E+06  0.518799E-02 -0.119485E+04 -0.246286E-02  0.191040E+06 -0.244141E-01
  0.953674E-05 -0.677781E+03  0.256300E-05  0.608552E+03 -0.495911E-03 -0.680029E+05
  0.207424E-04  0.555220E+00 -0.216067E-06 -0.452497E+00 -0.160746E-04  0.868195E+03
 1.7077
  0.455995E+06  0.854492E-03 -0.229707E+04 -0.244141E-03  0.681505E+06  0.285645E-01
 -0.433292E+05 -0.115967E-02 -0.558474E+03 -0.379562E-03 -0.355433E+05  0.131836E-01
  0.976562E-03  0.471074E+06 -0.305176E-02 -0.467991E+06  0.320312E+00  0.471074E+08
 -0.228882E-04 -0.383920E+04  0.209808E-04  0.329699E+04  0.246331E-03 -0.263494E+03
 -0.242343E+04  0.101929E-01  0.161711E+05 -0.195312E-02 -0.161967E+07  0.355945E+01
 -0.367485E+03  0.244141E-03 -0.696356E+03 -0.990629E-03 -0.160801E+03 -0.610352E-04
 -0.109863E-02 -0.472869E+06  0.102234E-01  0.472650E+06  0.112109E+01 -0.472869E+08
  0.152588E-03  0.345141E+04  0.450313E-04 -0.297126E+04 -0.194907E-04  0.223647E+03
  0.697148E+06  0.503906E+00 -0.161956E+07  0.323047E+01  0.162666E+09 -0.158008E+02
 -0.876206E+04 -0.292969E-02  0.690024E+05 -0.101288E+00 -0.216395E+05  0.351562E-01
 -0.820312E-01  0.471074E+08  0.734375E+00 -0.467991E+08  0.300000E+01  0.471078E+10
 -0.507812E-01 -0.385101E+06 -0.234604E-02  0.330728E+06 -0.331202E-01 -0.256430E+05
 -0.429092E+05  0.126190E-01 -0.426282E+03  0.133362E-01 -0.226698E+04 -0.421242E+00
  0.274376E+06 -0.122070E-03  0.159018E+04  0.625801E-02  0.227823E+06  0.435791E-01
 -0.136614E-03 -0.382431E+04 -0.374317E-04  0.339595E+04 -0.109863E-02 -0.383639E+06
 -0.141602E-01  0.280317E+06 -0.144196E-02 -0.232805E+06 -0.343323E-02 -0.143164E+01
 -0.667185E+03  0.164032E-03 -0.746325E+03  0.133133E-02  0.738623E+05 -0.221558E-01
  0.174832E+04  0.610352E-03  0.625179E+04  0.295448E-02  0.144056E+04  0.195312E-02
  0.664592E-04  0.340633E+04 -0.476837E-06 -0.303005E+04  0.112915E-02  0.341724E+06
 -0.244141E-03 -0.240930E+06  0.104904E-03  0.200530E+06 -0.550747E-03  0.127734E+01
 -0.361190E+05 -0.289917E-03 -0.328755E+03 -0.512695E-02 -0.510316E+04 -0.184579E+01
  0.233789E+06  0.900269E-03  0.134535E+04 -0.478935E-02  0.194542E+06  0.137939E-01
  0.598431E-04 -0.272089E+03 -0.572205E-05  0.233174E+03 -0.102234E-02 -0.265216E+05
 -0.214577E-05 -0.106931E+01  0.661239E-06  0.904040E+00 -0.346731E-05  0.359650E+01
 1.7564
  0.479589E+06 -0.195312E-02  0.209428E+04 -0.366211E-02  0.267788E+06 -0.464600E+00
  0.899185E+05  0.240479E-01 -0.911912E+04 -0.347328E-02  0.752666E+05 -0.173340E-01
 -0.610352E-04  0.463146E+06  0.430298E-02 -0.459775E+06  0.945312E+00  0.463146E+08
 -0.463486E-03 -0.546943E+03  0.303462E-04  0.500831E+03  0.413570E-03  0.101932E+04
  0.220218E+04 -0.125122E-02  0.142347E+05  0.906372E-02 -0.142112E+07  0.460358E+00
  0.138842E+05 -0.160217E-03 -0.114323E+04 -0.160897E-02  0.119948E+05 -0.152588E-03
 -0.195312E-02 -0.465080E+06  0.851440E-02  0.472943E+06  0.578125E+00 -0.465079E+08
 -0.612259E-03  0.445143E+03 -0.214558E-04 -0.432456E+03  0.843593E-03 -0.910764E+03
  0.260844E+06 -0.246094E+00 -0.142122E+07 -0.664062E-01  0.142377E+09 -0.301406E+02
 -0.129140E+07  0.137695E+00  0.104321E+06  0.305252E+00 -0.111733E+07 -0.171875E+00
  0.859375E-01  0.463146E+08  0.199219E+00 -0.459775E+08 -0.602500E+02  0.463151E+10
 -0.132080E+00 -0.508956E+05  0.419283E-02  0.467397E+05  0.505938E-01  0.102133E+06
  0.896558E+05 -0.158691E-02  0.130384E+05 -0.598145E-02 -0.120786E+07 -0.710815E+00
  0.291800E+06 -0.101929E-01 -0.187913E+04  0.505638E-02  0.246781E+06  0.229492E-01
 -0.572205E-05 -0.591613E+03 -0.181198E-04  0.485609E+03 -0.488281E-03 -0.552833E+05
 -0.659180E-02  0.280666E+06 -0.283241E-02 -0.237489E+06 -0.237274E-02  0.246387E+01
 -0.992497E+04 -0.762939E-05 -0.118807E+04 -0.610352E-04  0.107805E+06  0.258503E-01
 -0.203529E+04 -0.903320E-02  0.619312E+04  0.272369E-02 -0.170732E+04 -0.366211E-03
  0.715256E-04  0.558964E+03 -0.114441E-04 -0.476837E+03  0.122070E-03  0.523574E+05
 -0.317383E-02 -0.245391E+06  0.187683E-02  0.208688E+06  0.202227E-02 -0.224219E+01
  0.770599E+05  0.366211E-03  0.112072E+05  0.976562E-03 -0.103756E+07 -0.928101E+00
  0.253054E+06  0.183105E-02 -0.161656E+04 -0.137615E-02  0.215021E+06  0.117188E-01
 -0.208318E-04  0.999233E+03  0.137091E-04 -0.879357E+03  0.120544E-02  0.100191E+06
 -0.572205E-05  0.224247E+01  0.257976E-06 -0.195842E+01 -0.181985E-04  0.100788E+04
 1.8051
  0.440195E+06 -0.122070E-03 -0.153423E+04 -0.976562E-03  0.591635E+06  0.484131E+00
  0.282104E+05 -0.378418E-02  0.774879E+03  0.797272E-03  0.240613E+05  0.708008E-02
 -0.701904E-03  0.453214E+06  0.225830E-02 -0.452425E+06  0.414062E+00  0.453215E+08
  0.141144E-03  0.325969E+04 -0.158250E-04 -0.294718E+04  0.442684E-03 -0.271542E+02
 -0.162229E+04  0.387573E-02  0.117242E+05  0.686646E-02 -0.117416E+07 -0.279846E-01
 -0.131350E+04 -0.823975E-03  0.497192E+03  0.107121E-02 -0.133037E+04  0.396729E-03
  0.915527E-04 -0.456819E+06 -0.253296E-02  0.459564E+06  0.492188E+00 -0.456820E+08
 -0.572205E-04 -0.287739E+04 -0.438690E-04  0.260809E+04 -0.561923E-04  0.340025E+02
  0.603288E+06  0.347656E+00 -0.117408E+07  0.380859E+00  0.118024E+09 -0.167477E+03
  0.160174E+06  0.122070E+00 -0.487059E+05  0.474243E-01  0.157799E+06 -0.390625E-02
 -0.191406E+00  0.453215E+08  0.296875E+00 -0.452425E+08  0.725000E+01  0.453225E+10
 -0.209961E-01  0.326370E+06  0.186920E-03 -0.295096E+06  0.395145E-01 -0.427901E+04
  0.278051E+05  0.469971E-02 -0.121246E+04  0.535583E-02  0.149570E+06  0.243999E+00
  0.262213E+06  0.515747E-02  0.189170E+04  0.272942E-02  0.226900E+06 -0.522461E-01
 -0.586510E-04  0.327537E+04  0.138283E-04 -0.286337E+04 -0.854492E-03  0.327980E+06
  0.732422E-02  0.278707E+06 -0.102234E-02 -0.241094E+06 -0.518417E-02 -0.406836E+01
  0.890423E+03 -0.282288E-03  0.522293E+03 -0.888824E-03 -0.510108E+05 -0.231911E+00
  0.207834E+04  0.343323E-02  0.461622E+04 -0.986099E-03  0.177925E+04  0.286865E-02
 -0.393391E-04 -0.305712E+04 -0.452995E-05  0.267501E+04  0.172424E-02 -0.306138E+06
  0.561523E-02 -0.248307E+06  0.606537E-03  0.214867E+06  0.233269E-02  0.390137E+01
  0.242498E+05  0.424957E-02 -0.106143E+04  0.106812E-03  0.130879E+06  0.632534E+00
  0.232073E+06 -0.717163E-03  0.165791E+04 -0.534821E-02  0.200870E+06  0.385742E-01
  0.448227E-04 -0.141009E+02 -0.166893E-05  0.187567E+02 -0.198364E-03 -0.295133E+04
 -0.231266E-04 -0.370147E+01  0.104867E-05  0.334076E+01 -0.132505E-03  0.176493E+04
 1.8538
  0.455852E+06 -0.610352E-03  0.118097E+04 -0.207520E-02  0.340813E+06 -0.500488E-01
 -0.909139E+05  0.262451E-02  0.695450E+04 -0.694180E-02 -0.794990E+05 -0.109863E-01
  0.122070E-03  0.441901E+06 -0.671387E-03 -0.443941E+06 -0.515625E+00  0.441900E+08
 -0.154018E-03 -0.641816E+03  0.683963E-05  0.589153E+03  0.526875E-03 -0.129625E+04
  0.132188E+04  0.552368E-02  0.102412E+05 -0.518799E-02 -0.102271E+07  0.102829E+01
 -0.106138E+05  0.105286E-02  0.631913E+03 -0.798702E-04 -0.925028E+04 -0.198364E-02
 -0.167847E-02 -0.448220E+06  0.424194E-02  0.445638E+06 -0.121094E+00 -0.448219E+08
  0.777245E-04  0.589494E+03 -0.615418E-05 -0.547722E+03  0.656690E-03  0.113596E+04
  0.329801E+06  0.964844E+00 -0.102285E+07 -0.513672E+00  0.102605E+09 -0.538867E+02
  0.961163E+06 -0.981445E-01 -0.556608E+05  0.130726E+00  0.838142E+06 -0.175781E+00
 -0.957031E-01  0.441900E+08 -0.218750E+00 -0.443941E+08 -0.230000E+02  0.441913E+10
  0.158691E-01 -0.690752E+05 -0.189018E-02  0.634604E+05 -0.104015E+00 -0.129278E+06
 -0.904877E+05  0.195312E-02 -0.975539E+04  0.671387E-03  0.876481E+06  0.830322E+00
  0.299128E+06 -0.101318E-01 -0.194674E+04 -0.124121E-02  0.264275E+06 -0.432129E-01
  0.125885E-03 -0.590255E+03  0.128746E-04  0.529831E+03 -0.103760E-02 -0.639833E+05
 -0.122070E-02  0.275284E+06  0.583649E-03 -0.243494E+06 -0.709534E-03  0.515234E+01
  0.762710E+04  0.175476E-03  0.594718E+03  0.389099E-03 -0.513082E+05  0.816193E-01
 -0.222804E+04  0.514221E-02  0.400610E+04  0.872612E-03 -0.194474E+04  0.488281E-03
  0.531673E-03  0.559040E+03 -0.114441E-04 -0.508401E+03 -0.701904E-03  0.606502E+05
 -0.976562E-03 -0.250218E+06 -0.280571E-02  0.219795E+06  0.237513E-02 -0.498145E+01
 -0.808740E+05  0.573730E-02 -0.869938E+04  0.299072E-02  0.782120E+06  0.241882E+00
  0.269940E+06 -0.182495E-01 -0.173757E+04  0.243521E-02  0.236960E+06  0.561523E-02
  0.953674E-05 -0.130719E+04  0.613928E-05  0.113970E+04  0.541687E-03 -0.130349E+06
 -0.671148E-04  0.513957E+01 -0.106171E-06 -0.477795E+01  0.158997E-03  0.195574E+04
 1.9026
  0.418546E+06 -0.158691E-02 -0.751693E+03  0.134277E-02  0.496534E+06 -0.164795E-01
 -0.470872E+04  0.244141E-03 -0.165556E+04 -0.799179E-03 -0.411362E+04 -0.124512E-01
  0.152588E-03  0.429292E+06  0.564575E-03 -0.432985E+06 -0.318359E+00  0.429292E+08
  0.107956E-02 -0.226871E+04  0.292659E-04  0.215873E+04 -0.373833E-03  0.827886E+03
 -0.799373E+03 -0.488281E-02  0.912134E+04 -0.689697E-02 -0.912966E+06 -0.366852E+00
  0.364945E+04  0.152588E-04 -0.502681E+03 -0.309706E-03  0.331220E+04  0.167847E-02
 -0.117493E-02 -0.436179E+06 -0.289917E-03  0.438543E+06 -0.498047E+00 -0.436179E+08
 -0.114822E-02  0.198669E+04  0.423193E-05 -0.188349E+04  0.201799E-03 -0.733543E+03
  0.503265E+06 -0.242188E+00 -0.912920E+06  0.585938E-02  0.918000E+08  0.555488E+02
 -0.366550E+06 -0.253906E-01  0.482694E+05  0.582886E-01 -0.332552E+06 -0.703125E-01
  0.527344E-01  0.429293E+08 -0.210938E+00 -0.432986E+08  0.445000E+02  0.429315E+10
 -0.400391E-01 -0.225143E+06 -0.280952E-02  0.214219E+06  0.902920E-01  0.856267E+05
 -0.440859E+04 -0.531006E-02  0.317100E+04  0.310516E-02 -0.318501E+06 -0.122566E+01
  0.246990E+06  0.216675E-02  0.156005E+04  0.800896E-02  0.222933E+06 -0.247803E-01
  0.347137E-03 -0.231511E+04  0.393391E-05  0.201433E+04  0.129700E-03 -0.229830E+06
 -0.000000E+00  0.270673E+06  0.286388E-02 -0.244041E+06 -0.298262E-02 -0.496875E+01
 -0.183856E+04  0.190735E-04 -0.460811E+03  0.555038E-03  0.440532E+05  0.668869E-01
  0.174985E+04 -0.105286E-02  0.315932E+04 -0.311661E-02  0.155628E+04 -0.366211E-03
 -0.185966E-04  0.225984E+04  0.180006E-04 -0.196077E+04  0.132751E-02  0.224323E+06
  0.122070E-02 -0.250041E+06  0.187874E-02  0.225044E+06 -0.119686E-03  0.478223E+01
 -0.388184E+04 -0.186157E-02  0.295029E+04  0.457764E-03 -0.296172E+06 -0.271637E+00
  0.227146E+06 -0.762939E-02  0.141609E+04  0.633526E-02  0.204612E+06  0.419922E-01
 -0.277758E-04  0.807095E+03 -0.452995E-05 -0.705263E+03 -0.305176E-03  0.835071E+05
 -0.324249E-04 -0.518043E+01  0.469387E-06  0.487975E+01 -0.160011E-04  0.382919E+04
 1.9513
  0.422047E+06 -0.854492E-03  0.325476E+03  0.708008E-02  0.397428E+06 -0.250244E-01
  0.845002E+05 -0.958252E-02 -0.481818E+04 -0.391722E-02  0.769684E+05  0.488281E-02
 -0.213623E-03  0.413773E+06  0.518799E-03 -0.421406E+06  0.800781E+00  0.413774E+08
 -0.129700E-03  0.151080E+04 -0.493228E-05 -0.148776E+04  0.163548E-03  0.992092E+03
  0.263940E+03  0.103760E-02  0.808623E+04  0.418091E-02 -0.808392E+06  0.724121E+00
  0.644594E+04 -0.154018E-03 -0.341542E+03  0.769317E-03  0.582427E+04  0.280380E-03
  0.762939E-04 -0.424662E+06  0.151062E-02  0.432766E+06  0.806641E+00 -0.424663E+08
  0.190735E-03 -0.133694E+04  0.185668E-04  0.131478E+04 -0.162527E-03 -0.872180E+03
  0.405858E+06 -0.285156E+00 -0.808319E+06 -0.441406E+00  0.812494E+08  0.541016E+01
 -0.552124E+06  0.590210E-01  0.289706E+05 -0.416222E-01 -0.498084E+06  0.290527E-01
  0.100586E+00  0.413774E+08  0.185547E+00 -0.421407E+08 -0.181250E+02  0.413808E+10
 -0.000000E+00  0.156045E+06 -0.204659E-02 -0.153611E+06  0.982904E-02  0.960728E+05
  0.839158E+05 -0.451660E-02  0.593825E+04  0.366211E-02 -0.502445E+06 -0.317627E+00
  0.285898E+06 -0.143433E-01 -0.111125E+04  0.646400E-02  0.263618E+06  0.761719E-01
 -0.146434E-03  0.149063E+04  0.190735E-05 -0.129984E+04 -0.152588E-03  0.154110E+06
 -0.244141E-02  0.264660E+06  0.731468E-03 -0.244322E+06  0.813484E-03  0.121289E+01
 -0.526888E+04 -0.556946E-03 -0.199458E+03  0.122070E-03  0.142481E+05  0.322638E-01
 -0.116121E+04  0.559998E-02  0.287326E+04 -0.212908E-02 -0.105606E+04 -0.427246E-03
  0.193775E-03 -0.150863E+04  0.905991E-05  0.131488E+04 -0.976562E-03 -0.155905E+06
  0.415039E-02 -0.249941E+06  0.630379E-03  0.230348E+06 -0.139427E-02 -0.112598E+01
  0.778851E+05 -0.878906E-02  0.549253E+04  0.396729E-02 -0.464624E+06 -0.883484E-01
  0.268434E+06 -0.347900E-02 -0.103028E+04 -0.152073E-01  0.247112E+06  0.432129E-01
  0.224113E-04  0.102525E+04 -0.280142E-05 -0.900671E+03 -0.190735E-04  0.994193E+05
  0.667572E-04  0.132819E+01  0.353903E-06 -0.121190E+01 -0.149420E-03  0.509623E+04
 2.0000
  0.393404E+06  0.152588E-02  0.128150E+03 -0.311279E-02  0.391400E+06  0.812988E-01
 -0.316790E+05  0.225830E-02  0.291851E+04  0.336838E-02 -0.293249E+05  0.341797E-02
  0.228882E-03  0.397043E+06 -0.549316E-02 -0.407643E+06 -0.297852E+00  0.397041E+08
  0.190735E-04  0.885293E+03 -0.223392E-04 -0.868267E+03  0.115257E-02 -0.176596E+04
  0.208139E+03 -0.170898E-02  0.637512E+04 -0.165100E-01 -0.637226E+06 -0.277161E+00
 -0.574627E+04  0.185394E-02  0.381110E+03  0.414014E-03 -0.563283E+04  0.112915E-02
  0.167847E-03 -0.409994E+06 -0.117493E-02  0.431178E+06 -0.240234E+00 -0.409992E+08
  0.141144E-03 -0.783520E+03  0.232682E-04  0.787247E+03  0.273881E-03  0.155313E+04
  0.384870E+06 -0.644531E+00 -0.637321E+06  0.400391E-01  0.641305E+08 -0.316914E+02
  0.535383E+06  0.371094E-01 -0.345775E+05 -0.633392E-01  0.525808E+06 -0.781250E-02
  0.312500E-01  0.397041E+08  0.219727E+00 -0.407642E+08 -0.127500E+02  0.397088E+10
 -0.468750E-01  0.834356E+05  0.253790E-02 -0.816747E+05 -0.851952E-01 -0.178888E+06
 -0.316776E+05 -0.317383E-02 -0.466783E+04 -0.335693E-03  0.427710E+06 -0.933838E-01
  0.246603E+06  0.213623E-02  0.373487E+03 -0.614643E-03  0.232416E+06  0.153809E-01
  0.300407E-04  0.940767E+03  0.417233E-06 -0.835335E+03  0.106812E-03  0.889802E+05
 -0.122070E-02  0.258380E+06 -0.515938E-03 -0.243374E+06  0.299382E-02  0.550195E+01
  0.324077E+04 -0.839233E-04  0.315136E+03  0.137329E-03 -0.274913E+05  0.275593E-01
  0.412283E+03  0.239563E-02  0.246483E+04  0.591278E-04  0.383347E+03 -0.000000E+00
 -0.100136E-03 -0.940135E+03  0.715256E-06  0.846803E+03  0.228882E-03 -0.887358E+05
 -0.000000E+00 -0.248347E+06  0.962257E-03  0.235547E+06  0.117064E-03 -0.569238E+01
 -0.299045E+05 -0.183105E-03 -0.430506E+04 -0.332642E-02  0.393129E+06 -0.247345E+00
  0.236183E+06  0.195312E-02  0.353648E+03  0.549173E-02  0.224156E+06  0.634766E-02
 -0.360012E-04 -0.174218E+04  0.190735E-05  0.152103E+04  0.152588E-03 -0.176564E+06
  0.247955E-04  0.476190E+01 -0.223517E-07 -0.487110E+01  0.154937E-03  0.844019E+04
