Nb de periode :    40
 0.1000
  0.329489E+06 -0.534058E-03  0.391109E+01  0.610352E-03  0.241714E+06  0.619202E+00
 -0.369949E+03 -0.129223E-02  0.434208E+04 -0.391006E-03 -0.255623E+03 -0.638962E-03
 -0.648499E-03  0.328601E+06 -0.274658E-02 -0.241135E+06  0.000000E+00  0.328601E+08
 -0.271201E-04  0.369815E+03  0.264496E-05 -0.248787E+03 -0.541331E-05  0.952458E-01
  0.445160E+01  0.131226E-01  0.513728E+06 -0.799561E-01 -0.513728E+08  0.474365E+01
 -0.444701E+04 -0.104904E-02  0.108134E+05 -0.177979E-02 -0.299083E+04 -0.350952E-02
  0.144958E-02 -0.241993E+06 -0.782776E-01  0.151452E+07  0.316406E+01 -0.241993E+08
  0.253320E-04 -0.481862E+03  0.478700E-05  0.324094E+03  0.920612E-05 -0.126009E+00
  0.240552E+06  0.429688E+00 -0.513728E+08 -0.182812E+02  0.513880E+10 -0.578125E+02
  0.444226E+06 -0.475464E+00 -0.107575E+07 -0.317383E-01  0.298754E+06  0.332031E+00
  0.610352E+00  0.328601E+08  0.156250E+00 -0.241135E+08  0.678125E+02  0.328802E+10
 -0.213623E-02  0.369823E+05  0.306368E-03 -0.248792E+05 -0.793934E-03  0.955177E+01
 -0.369508E+03 -0.920296E-03 -0.453004E+04 -0.121117E-02  0.452509E+06 -0.675201E-02
  0.187649E+06 -0.213623E-02 -0.188933E+01  0.452995E-04  0.849351E+05 -0.149536E-01
  0.223517E-06  0.367463E+03  0.178814E-05 -0.479679E+03 -0.201225E-02  0.367466E+05
  0.411987E-02  0.187460E+06  0.197887E-03 -0.844915E+05  0.600219E-03  0.396729E-02
  0.438380E+04 -0.596046E-03  0.112115E+05  0.362396E-02 -0.111544E+07  0.475502E-01
 -0.240929E+01  0.223541E-01  0.172005E+06  0.296593E-01 -0.164051E+01  0.000000E+00
  0.841916E-05 -0.270276E+03  0.633299E-05  0.352801E+03  0.164986E-02 -0.270278E+05
  0.534058E-03 -0.912416E+05  0.801086E-03  0.360740E+06 -0.230193E-02 -0.457764E-02
 -0.264249E+03 -0.405312E-03 -0.323472E+04  0.419617E-03  0.323118E+06  0.307846E-01
  0.897743E+05 -0.190735E-03 -0.142001E+01  0.480354E-02  0.360490E+06  0.167847E-01
  0.494765E-08  0.179969E+00 -0.107684E-07 -0.234355E+00  0.931323E-07  0.179971E+02
  0.991821E-03 -0.331879E-01  0.298023E-04  0.239706E-01  0.377595E-03  0.525860E+06
 0.1487
  0.330441E+06 -0.615613E-03  0.128910E+02  0.143643E-02  0.242211E+06  0.693591E-01
 -0.373818E+03  0.115427E-03  0.416163E+04  0.125127E-02 -0.244551E+03  0.513011E-03
  0.205204E-03  0.329552E+06  0.235985E-02 -0.242635E+06  0.633671E+00  0.329552E+08
 -0.102201E-04  0.364485E+03 -0.177850E-05 -0.244087E+03  0.823498E-06 -0.161930E+01
  0.121906E+02 -0.191866E-01  0.482771E+06 -0.344743E-01 -0.482771E+08 -0.369081E+01
 -0.436603E+04  0.769516E-04 -0.869478E+04  0.386361E-03 -0.292463E+04 -0.356543E-02
  0.148773E-02 -0.243724E+06 -0.106706E-01  0.151688E+07  0.446525E+00 -0.243724E+08
  0.188371E-04 -0.474239E+03 -0.676333E-06  0.317493E+03 -0.197890E-05  0.226199E+01
  0.241426E+06 -0.407126E+01 -0.482771E+08 -0.144989E+02  0.482922E+10 -0.105958E+03
  0.436044E+06 -0.102602E-01  0.874852E+06  0.359108E-02  0.292076E+06 -0.136256E+00
  0.590989E-01  0.329553E+08  0.952148E-01 -0.242635E+08  0.840517E+02  0.329753E+10
  0.271896E-02  0.364441E+05 -0.743064E-03 -0.244062E+05  0.128453E-03 -0.156193E+03
 -0.392393E+03  0.782342E-03 -0.434573E+04  0.106450E-02  0.434024E+06 -0.412974E-01
  0.188246E+06  0.448885E-02 -0.636240E+01 -0.945864E-03  0.854619E+05 -0.491465E-01
 -0.127251E-04  0.360150E+03 -0.170336E-05 -0.465743E+03  0.371933E-03  0.360111E+05
 -0.718215E-03  0.188054E+06  0.107251E-02 -0.850141E+05 -0.997967E-04 -0.393992E-01
  0.429430E+04  0.429647E-03 -0.901233E+04  0.564312E-03  0.906776E+06  0.251632E-01
 -0.634251E+01 -0.579702E-02  0.164086E+06 -0.595862E-01 -0.421395E+01 -0.225725E-02
  0.901777E-06 -0.265561E+03 -0.440869E-05  0.343622E+03  0.101320E-02 -0.265550E+05
 -0.184684E-02 -0.918156E+05 -0.705390E-03  0.361065E+06 -0.204403E-03 -0.238037E-01
 -0.292382E+03 -0.440869E-03 -0.310837E+04 -0.262277E-02  0.310421E+06 -0.120109E-01
  0.903429E+05  0.300111E-02 -0.463107E+01  0.670922E-03  0.360814E+06 -0.389888E-02
 -0.200591E-08 -0.212432E+01 -0.375740E-07  0.352796E+01 -0.601185E-05 -0.207825E+03
  0.348847E-02 -0.129279E-01  0.184363E-04  0.105199E-01  0.202379E-02  0.526972E+06
 0.1974
  0.332216E+06 -0.618278E-03  0.257483E+02  0.463709E-03  0.243220E+06  0.427230E+00
 -0.642928E+03  0.594127E-03  0.353109E+04  0.949154E-03 -0.429016E+03  0.289818E-04
 -0.154570E-03  0.331349E+06 -0.115927E-02 -0.244911E+06  0.242365E+00  0.331349E+08
  0.232458E-04  0.312150E+03  0.419821E-05 -0.208242E+03  0.557560E-05 -0.322203E+00
  0.255346E+02 -0.186256E-01  0.459152E+06  0.346236E-01 -0.459152E+08  0.119946E+00
 -0.370864E+04  0.501385E-02 -0.216702E+05 -0.858827E-02 -0.247569E+04  0.502351E-02
 -0.100470E-02 -0.246145E+06  0.556450E-02  0.152033E+07 -0.989245E-01 -0.246145E+08
 -0.320007E-04 -0.405252E+03  0.641524E-06  0.270311E+03  0.347649E-05  0.439360E+00
  0.242530E+06 -0.137505E+01 -0.459152E+08 -0.340300E+01  0.459303E+10  0.198561E+03
  0.370016E+06 -0.380859E+00  0.217156E+07  0.103314E+01  0.246998E+06 -0.558923E+00
 -0.296774E-01  0.331348E+08  0.405591E+00 -0.244911E+08 -0.151948E+02  0.331550E+10
 -0.251176E-03  0.312148E+05  0.118886E-02 -0.208241E+05 -0.220382E-03 -0.311567E+02
 -0.644141E+03 -0.816320E-03 -0.368250E+04 -0.198042E-02  0.367409E+06  0.103054E+00
  0.188788E+06 -0.869454E-03 -0.129219E+02 -0.640015E-04  0.856534E+05  0.242674E-01
 -0.158494E-05  0.309186E+03 -0.950965E-05 -0.398342E+03 -0.297546E-02  0.309179E+05
  0.540993E-03  0.188594E+06 -0.569975E-03 -0.852055E+05 -0.648468E-03  0.151478E-01
  0.365153E+04  0.574805E-02 -0.224627E+05 -0.792169E-02  0.225096E+07 -0.138378E+00
 -0.135324E+02  0.537129E-02  0.158052E+06 -0.404199E-01 -0.898860E+01 -0.200940E-02
 -0.543409E-05 -0.227448E+03 -0.550956E-05  0.293081E+03  0.888775E-03 -0.227447E+05
 -0.177755E-02 -0.920576E+05 -0.353095E-02  0.361209E+06 -0.180774E-02  0.287499E-01
 -0.463674E+03 -0.160607E-03 -0.263091E+04  0.463709E-03  0.262483E+06  0.456367E-01
  0.905752E+05  0.115927E-02 -0.939904E+01 -0.143943E-02  0.360950E+06 -0.162298E-01
  0.122349E-07 -0.449074E+00  0.483502E-07  0.801680E+00 -0.377367E-05 -0.440546E+02
  0.216397E-02 -0.309139E-03 -0.211326E-04  0.342323E-01 -0.243749E-02  0.526981E+06
 0.2462
  0.334874E+06 -0.105381E-02  0.304041E+02 -0.495911E-03  0.245446E+06 -0.381851E-01
 -0.955910E+03  0.426173E-03  0.221982E+04  0.477023E-03 -0.640920E+03 -0.162721E-03
 -0.309944E-03  0.333972E+06 -0.185967E-03 -0.247535E+06  0.178528E+00  0.333972E+08
  0.581145E-05  0.196818E+03  0.515691E-05 -0.131267E+03 -0.610184E-05  0.456122E-01
  0.305935E+02  0.756264E-02  0.439363E+06  0.758743E-01 -0.439363E+08 -0.229954E+01
 -0.234478E+04 -0.720620E-02 -0.293921E+05 -0.666380E-02 -0.156677E+04 -0.192165E-02
 -0.179768E-02 -0.248894E+06 -0.203323E-01  0.152487E+07  0.303101E+01 -0.248894E+08
  0.319630E-04 -0.255119E+03 -0.142638E-05  0.170130E+03  0.459695E-06 -0.585843E-01
  0.244805E+06 -0.412598E+00 -0.439363E+08 -0.218359E+02  0.439515E+10 -0.110989E+03
  0.233250E+06  0.575256E+00  0.294205E+07  0.157848E+01  0.155852E+06 -0.182495E+00
  0.158691E+00  0.333972E+08 -0.817261E+00 -0.247535E+08 -0.771875E+02  0.334174E+10
  0.273526E-02  0.196826E+05 -0.478476E-03 -0.131274E+05 -0.360431E-03  0.456356E+01
 -0.950631E+03 -0.447482E-03 -0.232539E+04  0.252605E-02  0.231314E+06 -0.625584E-01
  0.189923E+06 -0.480413E-02 -0.154257E+02  0.488162E-03  0.867822E+05 -0.285149E-02
  0.399537E-05  0.195023E+03  0.786968E-06 -0.250750E+03  0.526905E-03  0.195024E+05
 -0.111580E-02  0.189725E+06 -0.145674E-02 -0.863312E+05 -0.272654E-03 -0.337219E-01
  0.229741E+04  0.960827E-03 -0.304722E+05  0.557900E-03  0.305015E+07 -0.864992E+00
 -0.162662E+02 -0.122118E-01  0.153050E+06 -0.275385E-01 -0.108715E+02  0.743866E-03
  0.115018E-05 -0.143232E+03  0.411645E-05  0.184170E+03  0.223935E-02 -0.143235E+05
 -0.148773E-02 -0.932253E+05  0.154197E-02  0.362656E+06 -0.417456E-03 -0.719070E-02
 -0.680039E+03  0.929833E-04 -0.166101E+04 -0.224710E-03  0.165224E+06  0.351051E-01
  0.917345E+05  0.139475E-02 -0.111415E+02  0.641197E-03  0.362387E+06  0.177288E-01
  0.945875E-08  0.674955E-01 -0.141881E-08 -0.180666E-01  0.302680E-07  0.673172E+01
  0.130177E-02 -0.663281E-02 -0.329316E-04  0.160900E-01 -0.231102E-02  0.528218E+06
 0.2949
  0.337496E+06  0.465725E-03  0.872685E+01 -0.248387E-02  0.250915E+06  0.732740E-01
 -0.126848E+04  0.248629E-04  0.201993E+03  0.430806E-04 -0.854262E+03 -0.147156E-03
 -0.517472E-04  0.336588E+06 -0.615792E-02 -0.250868E+06  0.165591E+00  0.336588E+08
 -0.113702E-06  0.134805E+02 -0.228984E-07 -0.875585E+01  0.681079E-06  0.927522E-01
  0.895589E+01 -0.288749E-01  0.422891E+06  0.919030E-01 -0.422891E+08  0.485885E+01
 -0.257518E+03 -0.610617E-02 -0.320110E+05 -0.790115E-02 -0.172887E+03  0.310483E-03
 -0.672714E-03 -0.252042E+06  0.471934E-01  0.152554E+07  0.238451E+01 -0.252042E+08
 -0.526821E-05 -0.187024E+02  0.201348E-06  0.121621E+02  0.126400E-05 -0.146644E+00
  0.250070E+06  0.900815E+00 -0.422891E+08  0.397418E+01  0.423043E+10 -0.380992E+03
  0.241189E+05 -0.861073E+00  0.320135E+07 -0.132059E+00  0.161886E+05  0.662364E-02
 -0.281505E+00  0.336589E+08 -0.291440E+00 -0.250869E+08  0.250109E+02  0.336791E+10
  0.323420E-05  0.134841E+04  0.631680E-06 -0.876201E+03  0.951310E-05  0.951821E+01
 -0.126528E+04  0.246608E-04 -0.250745E+03 -0.197286E-03  0.234407E+05  0.743543E-02
  0.190805E+06 -0.238037E-02 -0.439376E+01  0.213457E-03  0.872340E+05  0.272190E-01
 -0.468706E-05  0.133555E+02 -0.101069E-06 -0.183071E+02 -0.135836E-03  0.133511E+04
 -0.269085E-02  0.190601E+06 -0.182409E-02 -0.867795E+05 -0.256715E-03 -0.165591E-02
  0.211187E+03 -0.620966E-03 -0.331884E+05  0.672714E-03  0.331911E+07 -0.238037E-02
 -0.470786E+01  0.114879E-01  0.148710E+06 -0.233509E-01 -0.323273E+01 -0.186290E-02
 -0.112439E-05 -0.955241E+01 -0.138970E-06  0.131095E+02 -0.323420E-04 -0.955319E+03
  0.931450E-03 -0.936917E+05  0.152978E-02  0.362317E+06  0.160174E-02  0.244247E-01
 -0.908725E+03  0.185966E-04 -0.179919E+03 -0.743866E-04  0.168205E+05 -0.491922E-02
  0.921930E+05  0.178528E-02 -0.316645E+01  0.131794E-02  0.362046E+06 -0.196639E-01
 -0.157920E-08 -0.115034E+00  0.276360E-08  0.299139E+00 -0.126336E-06 -0.112232E+02
  0.879702E-03  0.419152E-02 -0.169795E-04 -0.132958E-01 -0.444116E-02  0.527594E+06
 0.3436
  0.340614E+06 -0.266459E-03 -0.485152E+02  0.000000E+00  0.259702E+06 -0.251538E+00
 -0.143430E+04 -0.116576E-03 -0.237368E+04  0.243561E-03 -0.960424E+03  0.555124E-04
  0.888198E-04  0.339686E+06  0.195404E-02 -0.253948E+06  0.346753E+00  0.339686E+08
 -0.353024E-04 -0.228490E+03 -0.119102E-04  0.153550E+03 -0.802056E-05  0.426502E+00
 -0.486581E+02 -0.289553E-01  0.410823E+06  0.201799E+00 -0.410824E+08 -0.102676E+01
  0.240976E+04 -0.481847E-02 -0.301941E+05 -0.136616E-01  0.161266E+04  0.426335E-02
  0.710558E-03 -0.255273E+06  0.373043E-01  0.153000E+07 -0.368354E+01 -0.255273E+08
 -0.147455E-04  0.290546E+03 -0.363216E-05 -0.195322E+03 -0.383138E-05 -0.486587E+00
  0.259031E+06  0.278539E+01 -0.410824E+08  0.673041E+01  0.410978E+10  0.184222E+03
 -0.242839E+06  0.760298E+00  0.301638E+07  0.813590E+00 -0.162527E+06  0.579816E+00
  0.511602E-01  0.339686E+08  0.113689E+00 -0.253948E+08 -0.269216E+02  0.339887E+10
 -0.455202E-03 -0.228497E+05 -0.202794E-02  0.153576E+05 -0.135311E-03  0.438746E+02
 -0.142524E+04  0.247724E-03  0.238780E+04  0.749417E-03 -0.240634E+06  0.440768E-02
  0.192439E+06 -0.186522E-02  0.250914E+02  0.158072E-02  0.887391E+05  0.799378E-02
  0.598493E-05 -0.225886E+03 -0.949782E-05  0.284985E+03 -0.943711E-04 -0.225886E+05
  0.355279E-03  0.192230E+06 -0.352504E-03 -0.882817E+05  0.867381E-04 -0.341068E-01
 -0.246043E+04 -0.246475E-02 -0.313044E+05  0.107472E-01  0.312730E+07  0.401332E+00
  0.257583E+02  0.162096E-01  0.145660E+06  0.663928E-02  0.172241E+02 -0.532919E-03
  0.173476E-05  0.166696E+03  0.160465E-05 -0.210483E+03  0.123237E-02  0.166716E+05
 -0.355279E-03 -0.952269E+05 -0.138226E-01  0.363882E+06 -0.199845E-03 -0.117242E-01
 -0.101875E+04  0.569002E-04  0.170464E+04  0.352504E-03 -0.171797E+06 -0.119740E-01
  0.937152E+05 -0.843788E-03  0.175607E+02 -0.986039E-03  0.363600E+06 -0.106584E-02
  0.223622E-06  0.692922E+00 -0.128752E-07 -0.837587E+00  0.680894E-05  0.697298E+02
  0.204286E-02 -0.364161E-02 -0.145720E-04 -0.740813E-02  0.117929E-02  0.529101E+06
 0.3923
  0.345146E+06  0.544529E-03 -0.115911E+03  0.202254E-02  0.271515E+06 -0.949037E-01
 -0.132805E+04  0.108906E-02 -0.516538E+04  0.157464E-02 -0.885435E+03  0.466739E-03
  0.388950E-04  0.344215E+06  0.824573E-02 -0.258978E+06  0.846354E-01  0.344215E+08
 -0.215745E-04 -0.500147E+03 -0.211947E-04  0.335081E+03  0.514912E-05  0.402780E+00
 -0.116306E+03 -0.105016E-01  0.397320E+06  0.174249E+00 -0.397321E+08 -0.481582E+01
  0.528416E+04 -0.544529E-03 -0.243219E+05 -0.246302E-01  0.353515E+04 -0.272265E-02
  0.777899E-03 -0.260181E+06 -0.107194E+00  0.153480E+07 -0.358456E+01 -0.260181E+08
  0.188397E-04  0.634012E+03 -0.659011E-05 -0.424815E+03 -0.133369E-04 -0.625909E+00
  0.270719E+06  0.124464E+01 -0.397321E+08 -0.314645E+01  0.397476E+10 -0.785417E+02
 -0.530041E+06 -0.894895E+00  0.242565E+07 -0.354411E+00 -0.354588E+06 -0.209099E+00
 -0.303692E+00  0.344215E+08  0.164292E+00 -0.258978E+08  0.573529E+01  0.344417E+10
  0.350055E-03 -0.500099E+05  0.619888E-04  0.335034E+05  0.433922E-03  0.439709E+02
 -0.130091E+04 -0.401104E-03  0.523297E+04 -0.191558E-02 -0.524890E+06 -0.134849E+00
  0.193952E+06  0.530916E-02  0.584214E+02 -0.787623E-03  0.899457E+05  0.622319E-03
  0.121547E-05 -0.495642E+03 -0.303867E-06  0.623137E+03 -0.184751E-03 -0.495618E+05
  0.513413E-02  0.193747E+06 -0.245038E-02 -0.894918E+05  0.702540E-03  0.622319E-03
 -0.535327E+04 -0.641767E-03 -0.252284E+05 -0.175027E-01  0.251607E+07 -0.459544E+00
  0.620137E+02  0.207505E-01  0.142249E+06  0.398479E-01  0.412940E+02 -0.233370E-02
 -0.273480E-05  0.364736E+03 -0.311464E-05 -0.458629E+03  0.105989E-02  0.364709E+05
 -0.155580E-03 -0.964914E+05 -0.736330E-02  0.365006E+06 -0.108420E-02  0.339164E-01
 -0.924743E+03 -0.114254E-03  0.373382E+04 -0.335469E-03 -0.374509E+06 -0.977041E-01
  0.949587E+05  0.147801E-02  0.422346E+02 -0.951103E-03  0.364709E+06 -0.715667E-02
  0.593490E-08  0.297985E+00  0.527464E-07 -0.574855E+00 -0.538414E-05  0.345915E+02
  0.241149E-02  0.297935E-01  0.182320E-05 -0.225931E-01 -0.876960E-03  0.529216E+06
 0.4410
  0.349726E+06  0.691968E-04 -0.131356E+03 -0.553575E-03  0.277865E+06 -0.311109E+00
 -0.781381E+03 -0.283707E-02 -0.769938E+04  0.207374E-02 -0.530490E+03 -0.259488E-03
  0.103795E-03  0.348799E+06  0.633151E-02 -0.263815E+06  0.708576E+00  0.348799E+08
 -0.540600E-06 -0.755636E+03 -0.891990E-05  0.505334E+03 -0.516949E-05  0.837003E+00
 -0.131442E+03  0.608932E-02  0.388270E+06 -0.110715E+00 -0.388271E+08 -0.155139E+01
  0.785386E+04  0.768950E-02 -0.155739E+05 -0.210185E-02  0.524241E+04 -0.899559E-03
 -0.968756E-03 -0.265222E+06 -0.265716E-01  0.154116E+07  0.768805E+01 -0.265222E+08
  0.324360E-05  0.952072E+03  0.215902E-04 -0.636878E+03 -0.383066E-05 -0.892518E+00
  0.277215E+06 -0.383074E+01 -0.388271E+08 -0.131086E+02  0.388427E+10  0.185293E+03
 -0.786256E+06 -0.280109E+00  0.154776E+07  0.332698E+00 -0.524795E+06  0.234716E+00
 -0.110715E+00  0.348799E+08 -0.110715E+01 -0.263814E+08 -0.226744E+02  0.349002E+10
  0.657370E-03 -0.755568E+05  0.118067E-02  0.505243E+05 -0.107039E-03  0.858359E+02
 -0.755590E+03  0.899559E-03  0.780204E+04 -0.212780E-02 -0.781049E+06 -0.104989E+00
  0.195640E+06 -0.148773E-02  0.670600E+02  0.966593E-03  0.910125E+05 -0.477458E-01
  0.135150E-05 -0.750073E+03  0.135150E-04  0.937226E+03 -0.524166E-02 -0.750046E+05
  0.186831E-02  0.195451E+06  0.312467E-02 -0.905698E+05  0.779005E-03 -0.329377E-01
 -0.797245E+04 -0.934157E-03 -0.161554E+05 -0.411721E-02  0.160556E+07 -0.480399E-01
  0.698492E+02 -0.307926E-02  0.140040E+06  0.178182E-02  0.468375E+02 -0.152233E-02
 -0.675750E-06  0.551190E+03 -0.245973E-04 -0.688856E+03 -0.172992E-02  0.551132E+05
 -0.207590E-02 -0.976989E+05  0.141421E-02  0.365856E+06 -0.450861E-03  0.265716E-01
 -0.540547E+03  0.605472E-04  0.556351E+04  0.375393E-02 -0.556930E+06 -0.102117E+00
  0.961321E+05  0.128014E-02  0.476744E+02  0.278950E-03  0.365534E+06  0.166072E-02
 -0.506813E-07  0.372078E+00 -0.422344E-07 -0.362745E+00  0.540600E-06  0.374963E+02
  0.899559E-03 -0.212434E-01  0.378420E-04  0.178095E-01 -0.610338E-03  0.528684E+06
 0.4897
  0.354440E+06 -0.373880E-03 -0.252319E+02 -0.249254E-03  0.272168E+06  0.902298E-01
  0.486470E+03  0.434636E-02 -0.928242E+04  0.494320E-02  0.335057E+03  0.716604E-03
 -0.560820E-03  0.353517E+06 -0.130858E-02 -0.268711E+06 -0.112463E+01  0.353517E+08
 -0.404063E-04 -0.927594E+03 -0.191687E-04  0.621163E+03  0.602063E-05  0.682059E+00
 -0.251819E+02  0.473582E-02  0.376602E+06  0.124128E+00 -0.376603E+08  0.123954E+01
  0.949557E+04  0.895755E-04 -0.504825E+04  0.185723E-02  0.635034E+04  0.210308E-02
  0.685447E-03 -0.270179E+06 -0.124627E-01  0.154480E+07  0.167498E+01 -0.270179E+08
 -0.535506E-04  0.116161E+04  0.124901E-04 -0.777966E+03  0.200586E-04 -0.707202E+00
  0.271528E+06 -0.275973E+01 -0.376603E+08 -0.350949E+02  0.376757E+10 -0.242378E+03
 -0.949036E+06 -0.151048E+00  0.493304E+06  0.375313E+00 -0.634701E+06 -0.997014E-01
 -0.877372E-01  0.353517E+08 -0.195415E+00 -0.268711E+08 -0.162330E+03  0.353720E+10
 -0.454888E-02 -0.927637E+05 -0.194535E-02  0.621265E+05 -0.977541E-03  0.334441E+02
  0.473942E+03  0.186940E-03  0.943394E+04  0.202518E-03 -0.942886E+06  0.106400E-01
  0.197916E+06  0.498507E-03  0.127686E+02  0.136700E-02  0.929108E+05  0.186940E-01
 -0.289660E-04 -0.919875E+03 -0.284792E-04  0.114162E+04 -0.249254E-03 -0.919858E+05
 -0.872387E-03  0.197744E+06  0.882124E-03 -0.924800E+05 -0.163573E-03  0.184448E-01
 -0.961261E+04  0.467350E-04 -0.523672E+04 -0.112164E-02  0.511751E+06  0.164453E+00
  0.132083E+02 -0.813190E-02  0.137078E+06  0.364533E-02  0.872486E+01  0.137089E-02
 -0.157001E-04  0.676345E+03 -0.367552E-04 -0.839578E+03 -0.942490E-02  0.676405E+05
  0.224328E-02 -0.996210E+05 -0.865766E-02  0.367076E+06 -0.201642E-02  0.144567E-01
  0.343568E+03 -0.475140E-03  0.673381E+04  0.581072E-02 -0.673035E+06  0.255952E-01
  0.980189E+05 -0.124627E-02  0.915553E+01  0.186356E-02  0.366732E+06  0.909775E-02
  0.760661E-07  0.240965E+01 -0.988860E-07 -0.374931E+01  0.340776E-05  0.205367E+03
  0.199403E-02 -0.159522E-01  0.973647E-06  0.805011E-02 -0.216709E-02  0.529862E+06
 0.5385
  0.361069E+06  0.963483E-03  0.190268E+03  0.226702E-02  0.257262E+06 -0.317383E-02
  0.235340E+04 -0.162942E-03 -0.921457E+04  0.337751E-02  0.157805E+04  0.107683E-02
 -0.566755E-04  0.360103E+06  0.158691E-02 -0.275364E+06 -0.319196E+00  0.360103E+08
  0.885555E-05 -0.937133E+03  0.415104E-07  0.627584E+03 -0.670393E-05 -0.974319E+00
  0.190073E+03  0.566755E-02  0.367834E+06  0.389927E-01 -0.367832E+08  0.136089E+01
  0.950722E+04 -0.120435E-03  0.540144E+04  0.391681E-02  0.636666E+04 -0.276293E-02
  0.680106E-03 -0.277072E+06  0.122419E-01  0.155485E+07  0.708036E+01 -0.277072E+08
  0.469344E-04  0.116346E+04  0.480690E-04 -0.779184E+03 -0.436897E-04  0.991070E+00
  0.256848E+06 -0.192243E+00 -0.367832E+08 -0.708036E+01  0.367985E+10  0.921317E+02
 -0.947826E+06  0.223075E+00 -0.551510E+06 -0.791190E-01 -0.634732E+06 -0.380859E-01
 -0.199498E+00  0.360103E+08 -0.264788E+00 -0.275364E+08  0.109107E+03  0.360306E+10
 -0.221034E-02 -0.937138E+05 -0.476428E-03  0.627582E+05 -0.240605E-02 -0.850819E+02
  0.232238E+04 -0.194114E-02  0.943004E+04 -0.626264E-02 -0.940140E+06  0.184904E+00
  0.200485E+06 -0.110517E-02 -0.960725E+02 -0.141335E-02  0.949820E+05  0.404663E-01
  0.223603E-04 -0.929908E+03 -0.199250E-04  0.114471E+04 -0.612095E-02 -0.929892E+05
  0.113351E-02  0.200304E+06  0.862530E-03 -0.945428E+05 -0.333411E-03 -0.204032E-01
 -0.954233E+04  0.464031E-03  0.560736E+04  0.670586E-03 -0.572509E+06  0.548619E-01
 -0.101309E+03 -0.149623E-01  0.134867E+06 -0.481742E-02 -0.679144E+02  0.158691E-02
  0.929832E-05  0.681644E+03  0.292233E-04 -0.838983E+03 -0.340053E-03  0.681624E+05
 -0.566755E-03 -0.101838E+06  0.108073E-01  0.369446E+06 -0.142574E-02  0.303781E-01
  0.165503E+04 -0.913892E-03  0.672235E+04  0.205449E-02 -0.670198E+06  0.186137E+00
  0.100217E+06  0.209699E-02 -0.688517E+02 -0.298166E-02  0.369084E+06  0.130354E-01
  0.202363E-06 -0.154658E+01 -0.103776E-07  0.194404E+01  0.188180E-05 -0.141322E+03
 -0.164359E-02 -0.143389E-01 -0.106267E-04  0.215792E-01 -0.712650E-03  0.530446E+06
 0.5872
  0.368776E+06  0.103946E-02  0.348493E+03 -0.166314E-02  0.250075E+06 -0.253629E+00
  0.468696E+04  0.188403E-03 -0.689759E+04 -0.602564E-03  0.313486E+04 -0.392397E-02
 -0.363812E-03  0.367666E+06 -0.883544E-03 -0.283794E+06  0.918054E+00  0.367666E+08
  0.154295E-04 -0.698162E+03  0.241975E-04  0.468551E+03 -0.147824E-05 -0.448918E+00
  0.349025E+03 -0.769203E-02  0.358231E+06  0.810781E-01 -0.358227E+08 -0.179411E+00
  0.726917E+04 -0.159817E-02  0.140016E+05 -0.648040E-03  0.487495E+04  0.623678E-03
 -0.831571E-03 -0.285043E+06  0.266103E-01  0.155963E+07 -0.143695E+01 -0.285043E+08
  0.734933E-04  0.861394E+03  0.491055E-05 -0.577845E+03  0.701054E-05  0.124064E+01
  0.249095E+06 -0.134049E+01 -0.358227E+08  0.163919E+02  0.358379E+10  0.399952E+02
 -0.721155E+06  0.565468E-01 -0.140857E+07 -0.140743E+00 -0.483629E+06 -0.565468E-01
 -0.665257E-01  0.367666E+08  0.419112E+00 -0.283794E+08  0.183504E+03  0.367870E+10
 -0.166314E-02 -0.698150E+05  0.149260E-02  0.468523E+05 -0.909530E-03 -0.644216E+02
  0.465489E+04  0.682148E-03  0.721277E+04 -0.194899E-02 -0.715564E+06 -0.185219E-01
  0.203401E+06 -0.207893E-03 -0.176736E+03  0.151047E-02  0.973204E+05  0.259866E-01
  0.852685E-05 -0.692783E+03 -0.466946E-05  0.847505E+03 -0.649665E-03 -0.692766E+05
 -0.343023E-02  0.203150E+06 -0.183855E-02 -0.968371E+05  0.600534E-03 -0.914728E-02
 -0.716321E+04 -0.604188E-03  0.145289E+05 -0.363812E-03 -0.146162E+07  0.771802E-01
 -0.185121E+03  0.136689E-01  0.132066E+06 -0.140328E-01 -0.123964E+03  0.727624E-03
  0.101510E-06  0.508380E+03  0.954195E-05 -0.621858E+03 -0.128634E-02  0.508350E+05
 -0.831571E-03 -0.104145E+06 -0.185479E-02  0.370748E+06  0.162335E-02 -0.149683E-01
  0.331661E+04 -0.471007E-03  0.514852E+04  0.115640E-02 -0.510772E+06  0.330289E-01
  0.102541E+06 -0.649665E-03 -0.126225E+03  0.535161E-03  0.370399E+06  0.831571E-02
 -0.367974E-06 -0.147999E+01  0.190331E-07  0.275123E+01  0.812081E-06 -0.168178E+03
 -0.119538E-02 -0.677210E-01 -0.129933E-04  0.384699E-01 -0.129628E-02  0.531049E+06
 0.6359
  0.376557E+06  0.287948E-03  0.182804E+03 -0.287948E-02  0.274506E+06  0.440753E+00
  0.683471E+04  0.199464E-03 -0.213008E+04  0.169657E-03  0.459151E+04 -0.515907E-03
  0.177568E-02  0.375194E+06  0.580695E-02 -0.291381E+06  0.786290E+00  0.375194E+08
  0.749865E-06 -0.170447E+03  0.433809E-05  0.113042E+03  0.128429E-04 -0.151275E+01
  0.183427E+03 -0.494311E-02  0.347975E+06  0.986702E-01 -0.347972E+08  0.503717E+00
  0.260186E+04 -0.736667E-02  0.186652E+05 -0.152073E-02  0.175014E+04  0.547101E-02
 -0.863844E-03 -0.293018E+06  0.224600E-01  0.156937E+07  0.933720E+00 -0.293018E+08
 -0.363684E-04  0.213393E+03 -0.726432E-06 -0.141628E+03  0.872011E-05  0.204429E+01
  0.273866E+06 -0.368574E-01 -0.347973E+08  0.182321E+02  0.348127E+10  0.170699E+03
 -0.251924E+06  0.132072E+00 -0.186908E+07 -0.429619E+00 -0.169473E+06 -0.122858E+00
 -0.780147E+00  0.375194E+08 -0.101972E+01 -0.291381E+08  0.144677E+03  0.375398E+10
  0.743866E-03 -0.170507E+05  0.152035E-03  0.113103E+05  0.192340E-03 -0.141912E+03
  0.677527E+04  0.527905E-03  0.258077E+04  0.169170E-02 -0.249897E+06  0.553640E-01
  0.206450E+06 -0.287948E-02 -0.919561E+02  0.111880E-02  0.994129E+05 -0.163171E-01
 -0.103575E-04 -0.169534E+03  0.159346E-05  0.210341E+03 -0.515907E-03 -0.169517E+05
 -0.191965E-03  0.206087E+06 -0.128527E-02 -0.988562E+05 -0.108430E-02 -0.222680E-01
 -0.220969E+04  0.249555E-02  0.193874E+05  0.628687E-02 -0.194139E+07 -0.449775E+00
 -0.968549E+02  0.115899E-01  0.129158E+06 -0.412726E-02 -0.650908E+02 -0.671879E-03
 -0.195434E-04  0.122944E+03 -0.843598E-06 -0.152572E+03  0.000000E+00  0.122953E+05
 -0.959827E-03 -0.106377E+06 -0.988322E-02  0.372711E+06 -0.235008E-02  0.460717E-02
  0.484715E+04  0.422924E-03  0.184708E+04 -0.335939E-03 -0.178865E+06 -0.529705E-02
  0.104818E+06 -0.249555E-02 -0.662087E+02 -0.187466E-03  0.372386E+06 -0.155492E-01
  0.508209E-06  0.270238E-01 -0.175750E-07 -0.380659E+00 -0.524905E-05  0.145794E+02
  0.239957E-03 -0.304745E-01  0.764862E-04  0.464496E-01  0.252142E-02  0.530513E+06
 0.6846
  0.385063E+06  0.713220E-03 -0.353667E+03 -0.160474E-02  0.336505E+06 -0.456461E-01
  0.744610E+04 -0.159639E-02  0.446289E+04  0.107610E-02  0.499467E+04 -0.713220E-03
  0.891525E-03  0.383671E+06 -0.664186E-02 -0.299689E+06 -0.667574E+00  0.383670E+08
  0.835804E-05  0.599533E+03 -0.823833E-05 -0.405560E+03  0.144797E-04 -0.298968E+01
 -0.354047E+03  0.579491E-03  0.341049E+06  0.132659E+00 -0.341053E+08  0.101937E+01
 -0.390646E+04 -0.152451E-01  0.184963E+05  0.866729E-02 -0.261736E+04  0.802372E-03
  0.891525E-03 -0.301751E+06 -0.172956E-01  0.157954E+07  0.326369E+01 -0.301751E+08
 -0.383077E-04 -0.712111E+03 -0.139192E-04  0.482038E+03  0.123793E-04  0.405373E+01
  0.336343E+06  0.124956E+01 -0.341053E+08 -0.296699E+01  0.341216E+10  0.158917E+03
  0.399559E+06  0.818776E+00 -0.184427E+07 -0.268884E+00  0.267723E+06 -0.456461E-01
  0.616222E+00  0.383671E+08  0.696103E+00 -0.299689E+08  0.295787E+02  0.383875E+10
  0.383356E-02  0.599483E+05 -0.188335E-02 -0.405538E+05  0.156853E-02 -0.307025E+03
  0.737500E+04  0.242906E-03 -0.387940E+04 -0.150828E-02  0.396761E+06  0.372434E-01
  0.210182E+06 -0.133729E-03  0.179891E+03  0.240990E-03  0.102333E+06  0.301335E-01
 -0.287308E-04  0.595431E+03  0.116664E-04 -0.700955E+03 -0.288631E-02  0.595410E+05
  0.891525E-03  0.209805E+06 -0.163957E-02 -0.101763E+06  0.706255E-03 -0.631200E-01
  0.462765E+04  0.114784E-02  0.192083E+05  0.114115E-01 -0.191527E+07  0.196626E+00
  0.188160E+03 -0.450220E-02  0.127242E+06 -0.239152E-01  0.126403E+03 -0.356610E-03
 -0.174126E-05 -0.439001E+03 -0.114052E-04  0.517015E+03  0.133729E-03 -0.439001E+05
  0.178305E-02 -0.109442E+06  0.101132E-01  0.375173E+06  0.268154E-02 -0.338779E-01
  0.525060E+04  0.211737E-03 -0.276260E+04 -0.178688E-02  0.282550E+06 -0.530680E-01
  0.107857E+06  0.182763E-02  0.128395E+03  0.327496E-02  0.374826E+06 -0.748881E-02
  0.571351E-07 -0.319801E+01 -0.151000E-06  0.454669E+01  0.348252E-06 -0.329252E+03
  0.142644E-02 -0.756013E-01 -0.104476E-04  0.598965E-01 -0.889087E-03  0.531225E+06
 0.7333
  0.394346E+06  0.199751E-02 -0.706330E+03  0.665838E-03  0.381201E+06 -0.259344E+00
  0.487730E+04 -0.241366E-02  0.110483E+05 -0.195070E-04  0.328862E+04  0.220559E-02
  0.291304E-03  0.393396E+06 -0.624223E-03 -0.309722E+06  0.596591E+00  0.393396E+08
  0.357628E-04  0.140978E+04 -0.206855E-04 -0.955291E+03 -0.682744E-05 -0.123832E+01
 -0.708365E+03 -0.391180E-02  0.333040E+06  0.509366E-01 -0.333049E+08 -0.118935E+01
 -0.105641E+05  0.325636E-02  0.129660E+05 -0.941537E-03 -0.710362E+04 -0.249689E-03
 -0.133168E-02 -0.311428E+06 -0.276323E-01  0.158604E+07 -0.132102E+01 -0.311428E+08
 -0.806288E-04 -0.166645E+04 -0.458414E-04  0.112834E+04  0.161542E-05  0.910840E+00
  0.380803E+06  0.354226E+00 -0.333049E+08  0.252273E+02  0.333216E+10  0.747656E+02
  0.106217E+07 -0.122514E+00 -0.128349E+07 -0.528509E+00  0.714246E+06  0.905540E-01
  0.111861E+00  0.393396E+08  0.117188E+00 -0.309722E+08 -0.197045E+03  0.393600E+10
  0.199751E-02  0.140969E+06  0.317574E-02 -0.955247E+05 -0.574155E-03 -0.143326E+03
  0.483092E+04 -0.139930E-02 -0.104833E+05 -0.476490E-02  0.105404E+07 -0.836459E-02
  0.214337E+06  0.293385E-02  0.356490E+03  0.564402E-03  0.105842E+06 -0.204745E-01
  0.646981E-04  0.139906E+04  0.712005E-04 -0.163828E+04 -0.102373E-01  0.139899E+06
 -0.416149E-03  0.214203E+06  0.950640E-03 -0.105438E+06  0.596263E-03 -0.163130E-01
  0.114780E+05  0.426552E-03  0.134722E+05 -0.649192E-02 -0.133362E+07 -0.181836E+00
  0.375022E+03  0.418230E-02  0.125109E+06  0.423015E-01  0.252504E+03  0.108199E-02
 -0.130046E-05 -0.103058E+04 -0.395016E-04  0.120606E+04 -0.249689E-02 -0.103055E+06
 -0.832298E-04 -0.113111E+06  0.249949E-02  0.377719E+06 -0.105468E-02  0.665838E-03
  0.345298E+04  0.988353E-04 -0.747796E+04  0.144612E-02  0.751877E+06  0.112069E+00
  0.111311E+06  0.316273E-02  0.254698E+03 -0.408346E-03  0.377229E+06 -0.214733E-01
 -0.507994E-07 -0.264396E+01  0.685792E-07  0.275576E+01  0.198321E-04 -0.277567E+03
  0.233043E-02 -0.332919E-03  0.260093E-05  0.224200E-02 -0.581958E-03  0.532900E+06
 0.7821
  0.404688E+06  0.468270E-03 -0.757534E+02  0.312180E-02  0.328483E+06  0.905321E-01
 -0.200013E+04 -0.181455E-02  0.147078E+05 -0.151212E-03 -0.134389E+04 -0.780449E-03
  0.390225E-03  0.404249E+06  0.230233E-02 -0.320585E+06 -0.294698E+00  0.404249E+08
  0.475586E-04  0.187424E+04  0.510265E-04 -0.127203E+04  0.405849E-05  0.470650E+00
 -0.780350E+02 -0.316082E-02  0.325948E+06  0.986488E-01 -0.325949E+08  0.512287E+00
 -0.146045E+05 -0.180479E-03  0.376990E+04  0.191454E-03 -0.987546E+04  0.173650E-02
  0.546315E-03 -0.322422E+06 -0.819472E-01  0.159835E+07  0.489498E+01 -0.322423E+08
 -0.115848E-03 -0.219422E+04 -0.765969E-04  0.148968E+04 -0.136236E-04 -0.145417E+01
  0.328174E+06 -0.108139E+01 -0.325949E+08  0.755225E+01  0.326110E+10 -0.823355E+02
  0.145808E+07  0.502609E-01 -0.359767E+06  0.272377E-01  0.985948E+06  0.114882E+00
 -0.349641E-01  0.404249E+08 -0.469518E+00 -0.320585E+08 -0.511475E+01  0.404455E+10
 -0.819472E-02  0.187413E+06  0.925808E-02 -0.127201E+06  0.101946E-02  0.110075E+01
 -0.198551E+04  0.604848E-03 -0.144743E+05 -0.159992E-02  0.144509E+07 -0.183367E+00
  0.218492E+06  0.394127E-02  0.360791E+02 -0.746305E-03  0.109222E+06  0.162333E-01
 -0.945076E-05  0.186174E+04 -0.432906E-04 -0.215799E+04  0.245842E-02  0.186159E+06
  0.226330E-02  0.218653E+06 -0.115604E-02 -0.109020E+06 -0.196698E-02 -0.465148E-01
  0.153027E+05 -0.507292E-03  0.391745E+04  0.187308E-02 -0.373860E+06 -0.587678E-01
  0.392012E+02  0.126823E-01  0.123260E+06 -0.351495E-01  0.267395E+02  0.936539E-03
  0.210356E-04 -0.137234E+04  0.207307E-04  0.159079E+04 -0.103800E-01 -0.137228E+06
 -0.124872E-02 -0.116895E+06 -0.449246E-02  0.381396E+06 -0.102434E-02 -0.449539E-01
 -0.141622E+04  0.975562E-05 -0.103646E+05  0.117067E-03  0.103480E+07  0.382771E+00
  0.114837E+06  0.624360E-03  0.263236E+02  0.551802E-03  0.380725E+06 -0.127994E-01
  0.117182E-05 -0.368762E+01  0.438241E-06  0.426764E+01  0.914589E-05 -0.408083E+03
  0.398029E-02  0.289547E-01  0.225599E-04 -0.163309E-01  0.148072E-02  0.533224E+06
 0.8308
  0.416875E+06 -0.227752E-02  0.110279E+04  0.352648E-02  0.222414E+06 -0.134006E+00
 -0.121825E+05 -0.811824E-02  0.124907E+05 -0.941312E-02 -0.823001E+04  0.293873E-02
 -0.734682E-04  0.415636E+06 -0.293873E-03 -0.331466E+06 -0.126953E+01  0.415636E+08
 -0.154972E-03  0.152544E+04 -0.345279E-04 -0.103489E+04  0.622938E-04 -0.751906E+00
  0.110089E+04  0.944067E-02  0.319759E+06  0.843415E-01 -0.319746E+08 -0.125337E+00
 -0.131299E+05 -0.256680E-02 -0.601486E+04  0.734682E-03 -0.888225E+04  0.121223E-02
 -0.139590E-02 -0.333605E+06  0.470197E-02  0.161095E+07  0.208767E+01 -0.333605E+08
 -0.121682E-03 -0.176374E+04 -0.134166E-04  0.119709E+04  0.802662E-05 -0.163357E+00
  0.222322E+06  0.235098E-01 -0.319746E+08 -0.112847E+00  0.319894E+10 -0.347193E+02
  0.129889E+07  0.187491E+00  0.615919E+06  0.246853E-01  0.878682E+06 -0.423177E-01
 -0.940394E-01  0.415636E+08 -0.728805E+00 -0.331466E+08  0.722222E+02  0.415842E+10
 -0.139590E-01  0.152535E+06 -0.936720E-03 -0.103486E+06  0.810848E-02 -0.142049E+03
 -0.120959E+05  0.220405E-03 -0.130311E+05 -0.117549E-02  0.128914E+07  0.124143E+00
  0.223725E+06  0.514278E-03 -0.555392E+03  0.174257E-02  0.113144E+06  0.229221E-01
  0.259722E-04  0.151660E+04 -0.631368E-05 -0.173825E+04 -0.271833E-02  0.151638E+06
  0.808151E-03  0.223543E+06 -0.219486E-02 -0.112710E+06  0.164787E-02  0.293873E-02
  0.129919E+05  0.165878E-03 -0.625568E+04 -0.598077E-03  0.640560E+06 -0.413259E-01
 -0.580581E+03 -0.912843E-02  0.121224E+06 -0.508951E-01 -0.392654E+03 -0.955087E-03
  0.243938E-05 -0.111489E+04  0.289855E-04  0.127830E+04 -0.451830E-02 -0.111477E+06
 -0.396729E-02 -0.120838E+06 -0.161768E-01  0.384675E+06 -0.215813E-02 -0.211589E-01
 -0.865100E+04  0.134080E-02 -0.932807E+04 -0.172650E-02  0.922808E+06 -0.173146E+00
  0.118980E+06 -0.661214E-03 -0.396963E+03  0.426805E-02  0.384132E+06  0.661214E-02
 -0.250299E-05 -0.622191E+01 -0.125556E-06  0.796849E+01  0.413259E-04 -0.690733E+03
 -0.220405E-03 -0.220405E-03  0.470656E-04 -0.746621E-02 -0.748458E-03  0.533444E+06
 0.8795
  0.429605E+06 -0.222075E-02  0.617854E+03 -0.166557E-02  0.283641E+06 -0.369756E+00
 -0.203766E+05 -0.602900E-03  0.303094E+04  0.248398E-02 -0.138267E+05  0.178701E-02
  0.624587E-03  0.426499E+06 -0.298414E-02 -0.342125E+06  0.710641E-01  0.426499E+08
 -0.164008E-04  0.101285E+03  0.151110E-05 -0.656562E+02  0.314458E-05 -0.206940E+01
  0.619255E+03 -0.489260E-02  0.310750E+06 -0.311461E+00 -0.310743E+08 -0.258718E+00
 -0.462108E+04 -0.586418E-02 -0.124410E+05 -0.546080E-02 -0.313581E+04 -0.249835E-02
  0.173496E-02 -0.344015E+06 -0.199868E-01  0.161700E+07  0.234512E+01 -0.344015E+08
  0.609948E-05 -0.128698E+03 -0.288918E-05  0.834397E+02 -0.380927E-04  0.220893E+01
  0.282953E+06 -0.519656E+00 -0.310743E+08  0.771046E+01  0.310898E+10  0.177305E+03
  0.438805E+06 -0.393073E+00  0.124754E+07  0.315625E+00  0.297787E+06  0.350879E+00
 -0.364204E+00  0.426499E+08 -0.710641E-01 -0.342125E+08  0.420700E+02  0.426706E+10
  0.527429E-02  0.101210E+05  0.788697E-04 -0.656260E+04  0.220399E-02 -0.226335E+03
 -0.202324E+05 -0.763384E-03 -0.457976E+04 -0.381692E-02  0.434884E+06  0.117058E+00
  0.229966E+06  0.291474E-02 -0.305058E+03  0.505308E-03  0.117847E+06 -0.185988E-01
  0.328017E-04  0.101160E+03 -0.813265E-06 -0.127403E+03 -0.154412E-02  0.100931E+05
  0.173496E-02  0.228840E+06 -0.102580E-02 -0.116779E+06  0.112664E-02 -0.444151E-02
  0.315857E+04 -0.104098E-03 -0.129391E+05 -0.638467E-02  0.129748E+07 -0.338318E-01
 -0.320464E+03 -0.315763E-02  0.117997E+06 -0.532547E-01 -0.217472E+03 -0.624587E-03
 -0.569285E-05 -0.707739E+02  0.352415E-05  0.892220E+02  0.798084E-03 -0.706262E+04
 -0.346993E-03 -0.125012E+06  0.314462E-02  0.387123E+06  0.369547E-02  0.277594E-02
 -0.145172E+05  0.121447E-03 -0.329205E+04  0.000000E+00  0.312655E+06  0.139578E-01
  0.123782E+06  0.173496E-02 -0.219668E+03 -0.469199E-02  0.387004E+06 -0.216524E-01
  0.131308E-06 -0.413205E+01  0.173666E-06  0.520046E+01  0.542176E-06 -0.428496E+03
 -0.138797E-03  0.430271E-02 -0.531333E-04  0.377355E-03 -0.152840E-02  0.534030E+06
 0.9282
  0.436959E+06  0.184117E-02 -0.159042E+04  0.184117E-02  0.510292E+06  0.211472E+00
 -0.169206E+05  0.596737E-02 -0.103110E+05  0.262819E-02 -0.115478E+05 -0.263024E-03
 -0.854829E-03  0.435303E+06  0.604956E-02 -0.349591E+06  0.664926E+00  0.435303E+08
 -0.237338E-03 -0.190051E+04  0.488676E-04  0.130831E+04  0.755730E-04  0.111863E+01
 -0.159994E+04  0.578654E-02  0.304168E+06 -0.218310E-01 -0.304186E+08  0.140455E+01
  0.842066E+04  0.126581E-02 -0.119828E+05 -0.628382E-02  0.574062E+04 -0.591805E-03
 -0.197268E-02 -0.352199E+06  0.678603E-01  0.162530E+07  0.701960E+01 -0.352199E+08
  0.174665E-03  0.211851E+04  0.181086E-04 -0.145895E+04  0.485947E-04 -0.115971E+01
  0.511391E+06  0.321942E+00 -0.304186E+08 -0.811378E+01  0.304366E+10  0.957830E+01
 -0.861209E+06 -0.496590E+00  0.118661E+07  0.323520E-01 -0.587126E+06 -0.841678E-02
  0.370338E+00  0.435303E+08  0.425047E+00 -0.349591E+08  0.754144E+01  0.435510E+10
 -0.161760E-01 -0.190046E+06 -0.380563E-02  0.130828E+06  0.157712E-02  0.102363E+03
 -0.167888E+05  0.529131E-04  0.835765E+04 -0.139218E-02 -0.854677E+06  0.848254E-01
  0.234849E+06  0.263024E-03  0.793953E+03  0.107470E-02  0.121969E+06 -0.631259E-02
 -0.159253E-04 -0.188819E+04  0.246585E-04  0.208022E+04  0.803868E-02 -0.188822E+06
  0.920585E-03  0.234292E+06  0.173432E-02 -0.121278E+06 -0.146513E-02  0.131512E-01
 -0.107457E+05 -0.821951E-03 -0.124900E+05  0.601668E-02  0.123689E+07  0.359439E+00
  0.837583E+03  0.918120E-02  0.115972E+06 -0.342671E-01  0.571211E+03  0.269600E-02
  0.482896E-04  0.140457E+04 -0.186223E-04 -0.154766E+04  0.955107E-02  0.140462E+06
 -0.105210E-02 -0.129702E+06  0.233845E-02  0.391351E+06 -0.195213E-04  0.499746E-01
 -0.121058E+05 -0.217098E-02  0.601421E+04 -0.279463E-02 -0.615054E+06 -0.201542E-01
  0.128031E+06  0.197268E-02  0.571643E+03  0.912931E-02  0.390926E+06 -0.298533E-01
  0.409370E-06  0.407458E+01 -0.421411E-06 -0.514470E+01  0.410976E-05  0.396646E+03
 -0.263024E-02 -0.889023E-01  0.215762E-04  0.589750E-01 -0.100663E-02  0.534918E+06
 0.9769
  0.440407E+06 -0.624769E-03 -0.694075E+03 -0.624769E-02  0.421382E+06 -0.249908E+00
  0.390400E+04 -0.587283E-02 -0.185021E+05  0.954726E-02  0.265890E+04 -0.262403E-02
  0.143697E-02  0.442528E+06  0.705989E-02 -0.354581E+06  0.499815E+00  0.442528E+08
 -0.917630E-04 -0.304840E+04  0.269676E-04  0.210385E+04  0.619278E-05  0.132271E+02
 -0.700370E+03  0.446710E-02  0.302078E+06  0.174935E-01 -0.302086E+08 -0.101100E+01
  0.178822E+05 -0.128078E-02 -0.526456E+04 -0.207833E-02  0.122471E+05 -0.415472E-02
  0.687246E-03 -0.357930E+06  0.392355E-01  0.163337E+07  0.842889E+01 -0.357930E+08
 -0.234288E-04  0.335731E+04 -0.136668E-04 -0.231644E+04 -0.507930E-05 -0.152498E+02
  0.422886E+06 -0.174935E+00 -0.302086E+08  0.345472E+01  0.302256E+10  0.128561E+03
 -0.178380E+07  0.401852E+00  0.505795E+06  0.228666E-01 -0.122170E+07  0.000000E+00
  0.803703E+00  0.442528E+08  0.239911E-01 -0.354581E+08 -0.235433E+02  0.442736E+10
  0.149945E-02 -0.304801E+06 -0.160488E-02  0.210357E+06  0.406100E-03  0.129535E+04
  0.388051E+04 -0.624769E-04  0.177146E+05  0.418595E-02 -0.176709E+07 -0.106211E-01
  0.238637E+06 -0.937154E-04  0.336119E+03  0.261427E-02  0.125496E+06  0.269900E-01
 -0.175716E-04 -0.303053E+04 -0.152288E-03  0.329808E+04 -0.255531E-01 -0.303011E+06
  0.137449E-02  0.240067E+06  0.303208E-02 -0.126167E+06  0.520316E-03 -0.989635E-01
 -0.193227E+05  0.546673E-03 -0.548709E+04 -0.374862E-03  0.527248E+06  0.137965E+00
  0.356293E+03  0.239755E-02  0.115576E+06 -0.612118E-01  0.244436E+03  0.181183E-02
  0.151311E-04  0.225150E+04  0.219645E-04 -0.245023E+04  0.637265E-02  0.225118E+06
 -0.112458E-02 -0.134746E+06  0.472091E-02  0.396259E+06  0.600364E-03 -0.114958E-01
  0.278424E+04 -0.306137E-02  0.127864E+05  0.121830E-02 -0.127551E+07  0.402383E+00
  0.131608E+06 -0.156192E-03  0.242746E+03 -0.291787E-02  0.394817E+06  0.382359E-01
 -0.145858E-06  0.104240E+02  0.160158E-06 -0.112160E+02  0.195240E-05  0.102677E+04
  0.149945E-02  0.394854E-01 -0.976202E-05 -0.239989E-01 -0.410737E-03  0.536227E+06
 1.0256
  0.450114E+06 -0.249939E-02  0.253154E+04  0.476074E-02  0.108644E+06 -0.271838E+00
  0.321938E+05 -0.541534E-02 -0.137245E+05 -0.367842E-02  0.221820E+05 -0.654602E-02
 -0.142822E-02  0.447175E+06 -0.297546E-03 -0.358747E+06  0.131396E+01  0.447175E+08
  0.124598E-03 -0.174365E+04  0.229552E-05  0.120936E+04  0.228862E-03  0.220280E+02
  0.253179E+04  0.260353E-02  0.296207E+06 -0.554627E-01 -0.296179E+08 -0.186264E+00
  0.156796E+05  0.543022E-03  0.361390E+04  0.310564E-03  0.107814E+05  0.418053E-02
  0.238037E-03 -0.361152E+06  0.361816E-01  0.163007E+07 -0.578906E+01 -0.361152E+08
 -0.122738E-03  0.190020E+04 -0.353917E-04 -0.131683E+04  0.462737E-05 -0.255554E+02
  0.108578E+06  0.309448E+00 -0.296179E+08 -0.234609E+01  0.296314E+10  0.357703E+02
 -0.153244E+07  0.286121E+00 -0.376502E+06 -0.148773E-02 -0.105369E+07  0.914063E-01
 -0.533203E-01  0.447175E+08  0.418945E+00 -0.358747E+08 -0.780000E+02  0.447384E+10
  0.975952E-02 -0.174295E+06 -0.222230E-02  0.120884E+06  0.194270E-01  0.220348E+04
  0.319642E+05  0.398712E-02  0.155549E+05 -0.833130E-02 -0.152030E+07 -0.632297E+00
  0.246069E+06  0.104736E-01 -0.123823E+04 -0.184107E-03  0.131926E+06  0.372528E-01
 -0.258528E-04 -0.173536E+04  0.195265E-04  0.187354E+04 -0.505829E-02 -0.173449E+06
  0.178528E-02  0.245368E+06  0.323396E-02 -0.131138E+06  0.277416E-02 -0.238037E-02
 -0.143281E+05 -0.173507E-02  0.375217E+04  0.197125E-02 -0.390956E+06 -0.815872E-01
 -0.129998E+04  0.505085E-02  0.113118E+06  0.345451E-01 -0.895462E+03 -0.130920E-02
  0.657566E-04  0.128884E+04  0.446320E-04 -0.139034E+04 -0.440369E-02  0.128813E+06
 -0.547485E-02 -0.139624E+06  0.906401E-02  0.400143E+06  0.109720E-02  0.142822E-01
  0.231061E+05 -0.208282E-03  0.112296E+05  0.309448E-02 -0.109754E+07  0.345682E+00
  0.138000E+06 -0.470123E-02 -0.895861E+03 -0.290573E-02  0.399738E+06  0.209473E-01
 -0.314182E-06  0.174419E+02  0.246987E-06 -0.203079E+02 -0.344038E-04  0.173429E+04
 -0.279694E-02  0.126695E+00  0.260353E-04 -0.798391E-01  0.362402E-03  0.537768E+06
 1.0744
  0.452009E+06  0.193157E-02 -0.786178E+03  0.681729E-03  0.440524E+06 -0.831710E-01
  0.382788E+05  0.106875E-02  0.403790E+04 -0.253696E-02  0.265637E+05  0.884828E-02
  0.965783E-03  0.446024E+06 -0.340865E-03 -0.355591E+06 -0.218153E+00  0.446024E+08
 -0.129600E-03  0.170688E+04  0.238838E-04 -0.120114E+04  0.119211E-04  0.147318E+02
 -0.789774E+03 -0.217745E-02  0.289705E+06 -0.645370E-01 -0.289714E+08  0.658891E+00
 -0.423801E+03 -0.524079E-02  0.852408E+04 -0.195287E-04 -0.285895E+03 -0.397675E-03
  0.454486E-03 -0.357975E+06 -0.111349E-01  0.162411E+07  0.642825E+01 -0.357975E+08
 -0.145578E-03 -0.181033E+04 -0.215814E-04  0.127384E+04 -0.120085E-03 -0.146021E+02
  0.440937E+06 -0.944479E-01 -0.289714E+08  0.750448E+01  0.289885E+10  0.135255E+01
  0.841647E+05 -0.125438E+00 -0.847985E+06 -0.369270E-01  0.575890E+05  0.872613E-01
 -0.396312E+00  0.446024E+08  0.145436E+00 -0.355590E+08  0.100060E+03  0.446234E+10
 -0.110213E-01  0.170736E+06  0.183215E-02 -0.120146E+06  0.656963E-02  0.148200E+04
  0.380192E+05 -0.454486E-03 -0.463068E+03  0.710135E-03  0.876256E+05 -0.122541E+00
  0.252377E+06  0.272692E-02  0.385809E+03  0.167769E-02  0.137107E+06  0.187476E-01
  0.221917E-04  0.169517E+04  0.726778E-05 -0.177773E+04 -0.258489E-02  0.169593E+06
 -0.204519E-02  0.249462E+06  0.273402E-02 -0.134782E+06 -0.115219E-02 -0.545383E-02
  0.420301E+04 -0.284054E-03  0.890441E+04  0.965783E-03 -0.885850E+06 -0.105767E+00
  0.405614E+03  0.275532E-02  0.110430E+06 -0.639121E-04  0.280698E+03 -0.218721E-02
  0.239670E-04 -0.127902E+04  0.154232E-04  0.134129E+04  0.546804E-03 -0.127957E+06
  0.170432E-02 -0.143331E+06 -0.635926E-02  0.403527E+06  0.176025E-02 -0.736268E-01
  0.277038E+05  0.119303E-02 -0.330442E+03  0.210200E-02  0.631492E+05  0.702465E-01
  0.143323E+06  0.249967E-02  0.280294E+03  0.268564E-02  0.404238E+06  0.209064E-01
  0.606804E-06  0.132026E+02 -0.506248E-06 -0.135202E+02  0.226355E-04  0.132305E+04
  0.397675E-03  0.403356E-02  0.204164E-04 -0.380100E-01 -0.158759E-02  0.538502E+06
 1.1231
  0.431270E+06  0.652156E-03 -0.236371E+04  0.956496E-02  0.573401E+06  0.304340E-02
 -0.160366E+04  0.130160E-01  0.185736E+05 -0.768322E-02 -0.109557E+04 -0.152170E-02
 -0.163039E-02  0.438081E+06  0.744545E-02 -0.344525E+06  0.365208E+00  0.438081E+08
  0.407598E-04  0.397672E+04  0.869330E-04 -0.280812E+04 -0.504853E-04 -0.714708E+01
 -0.238337E+04 -0.254069E-02  0.289486E+06 -0.108693E-01 -0.289512E+08 -0.233037E+00
 -0.174040E+05 -0.429336E-02  0.609988E+04  0.823602E-02 -0.121713E+05 -0.489117E-03
 -0.217385E-03 -0.347577E+06 -0.565202E-01  0.161577E+07  0.172517E+01 -0.347577E+08
  0.917095E-04 -0.418053E+04 -0.926648E-04  0.295269E+04 -0.372304E-04  0.491962E+01
  0.576109E+06 -0.139561E+00 -0.289511E+08 -0.197003E+02  0.289697E+10 -0.118522E+03
  0.173860E+07 -0.191299E-01 -0.589933E+06 -0.763023E-01  0.121591E+07  0.591289E-01
 -0.695634E-01  0.438081E+08  0.424336E+00 -0.344525E+08  0.169178E+02  0.438291E+10
 -0.369555E-02  0.397598E+06 -0.362083E-02 -0.280759E+06 -0.902489E-02 -0.682584E+03
 -0.159608E+04 -0.551616E-02 -0.171552E+05 -0.451075E-02  0.171374E+07  0.228418E+00
  0.248654E+06  0.508139E-02  0.111580E+04  0.530896E-02  0.135142E+06  0.532594E-02
  0.560447E-04  0.395693E+04  0.832179E-04 -0.410554E+04 -0.260863E-02  0.395629E+06
 -0.141301E-02  0.251954E+06  0.136375E-02 -0.137140E+06 -0.236916E-02  0.826065E-01
  0.195181E+05 -0.103258E-02  0.637351E+04  0.538029E-02 -0.616415E+06 -0.161708E+00
  0.118062E+04  0.284299E-02  0.110521E+06  0.397408E-02  0.824368E+03  0.869542E-03
  0.721788E-05 -0.299229E+04 -0.254749E-04  0.310517E+04 -0.298905E-02 -0.299179E+06
 -0.249993E-02 -0.145858E+06 -0.125880E-01  0.406652E+06 -0.371254E-02 -0.295644E-01
 -0.114817E+04 -0.277166E-02 -0.125950E+05 -0.470096E-02  0.125822E+07 -0.289014E+00
  0.141336E+06  0.548898E-02  0.817965E+03  0.974413E-03  0.404206E+06 -0.426076E-01
 -0.217598E-05 -0.132967E+02 -0.563897E-06  0.128689E+02 -0.199553E-04 -0.129162E+04
 -0.543464E-03  0.342382E-01  0.152849E-04 -0.158657E-01 -0.153465E-02  0.538982E+06
 1.1718
  0.428586E+06  0.604208E-02  0.353805E+04 -0.116675E-01 -0.199944E+05  0.744218E+00
 -0.524628E+05 -0.989651E-03  0.143413E+05  0.399441E-02 -0.368476E+05 -0.208348E-02
  0.125009E-02  0.423572E+06 -0.500034E-02 -0.328600E+06  0.100007E+00  0.423572E+08
 -0.813858E-05  0.173532E+04  0.332664E-04 -0.123264E+04  0.102972E-03 -0.515538E+02
  0.353577E+04  0.520869E-04  0.286907E+06  0.972983E-01 -0.286869E+08 -0.282311E-01
 -0.176144E+05 -0.115547E-02 -0.935573E+03  0.838273E-03 -0.124215E+05  0.137542E-03
 -0.135426E-02 -0.331237E+06 -0.754218E-01  0.159623E+07 -0.434696E+01 -0.331237E+08
  0.179049E-03 -0.179666E+04 -0.230423E-04  0.128206E+04  0.167763E-03  0.541254E+02
 -0.192050E+05  0.258351E-01 -0.286869E+08  0.485367E+01  0.286991E+10  0.437363E+01
  0.170540E+07  0.120737E+00  0.108990E+06 -0.337523E-01  0.120271E+07  0.161678E+00
 -0.103340E+00  0.423572E+08 -0.200014E-01 -0.328600E+08  0.631510E+02  0.423784E+10
 -0.515660E-01  0.173323E+06 -0.198256E-02 -0.123114E+06  0.512161E-02 -0.518143E+04
 -0.521329E+05 -0.416695E-03 -0.174918E+05  0.132301E-01  0.169372E+07  0.587345E+00
  0.253532E+06  0.133342E-01 -0.161987E+04  0.393907E-02  0.139788E+06  0.429196E-01
 -0.180269E-03  0.173059E+04 -0.537146E-04 -0.177293E+04  0.979234E-02  0.172816E+06
 -0.281269E-02  0.252401E+06 -0.116870E-02 -0.138695E+06  0.142181E-02 -0.575039E-01
  0.150048E+05 -0.911521E-03 -0.956156E+03 -0.325543E-03  0.111710E+06  0.721924E-01
 -0.170062E+04 -0.595418E-02  0.109248E+06  0.921938E-02 -0.119507E+04 -0.113940E-02
 -0.198174E-03 -0.131184E+04 -0.732472E-05  0.134955E+04  0.197930E-02 -0.130996E+06
 -0.729216E-03 -0.147322E+06 -0.244808E-02  0.408560E+06  0.146332E-02  0.225015E-01
 -0.383750E+05 -0.158865E-02 -0.129212E+05 -0.437530E-02  0.125122E+07 -0.278990E+00
  0.146103E+06  0.994860E-02 -0.119248E+04  0.302430E-02  0.408414E+06 -0.325022E-01
  0.673976E-06 -0.515814E+02  0.109680E-05  0.546955E+02 -0.144663E-03 -0.517571E+04
 -0.130217E-02  0.232047E+00 -0.398790E-04 -0.216760E+00 -0.220840E-02  0.539999E+06
 1.2205
  0.407710E+06 -0.200031E-02 -0.196144E+04  0.300047E-02  0.507593E+06 -0.211233E+00
 -0.445228E+05 -0.770120E-02 -0.651862E+04 -0.177684E-02 -0.316411E+05  0.510080E-02
  0.400062E-03  0.402830E+06 -0.800125E-02 -0.306367E+06  0.106577E+01  0.402830E+08
  0.000000E+00 -0.305942E+04  0.146996E-04  0.220953E+04 -0.162476E-03 -0.330857E+02
 -0.197502E+04  0.637599E-03  0.283436E+06  0.266842E+00 -0.283457E+08 -0.400062E-01
  0.227267E+04  0.116268E-02 -0.564879E+04  0.121503E-02  0.159575E+04 -0.495077E-02
  0.110017E-02 -0.308280E+06 -0.292046E-01  0.156722E+07 -0.980633E+01 -0.308280E+08
 -0.137521E-03  0.311374E+04  0.129415E-04 -0.224668E+04 -0.115252E-03  0.355549E+02
  0.508976E+06 -0.107217E+00 -0.283457E+08 -0.816767E+01  0.283635E+10 -0.134421E+02
 -0.274484E+06 -0.744116E-01  0.558000E+06 -0.150323E+00 -0.193036E+06  0.204832E+00
  0.304047E+00  0.402830E+08  0.108817E+00 -0.306367E+08  0.129044E+03  0.403043E+10
  0.274043E-01 -0.306089E+06 -0.132208E-02  0.221058E+06 -0.684638E-02 -0.330085E+04
 -0.442567E+05  0.750117E-04  0.225692E+04  0.310048E-02 -0.272433E+06  0.219784E+00
  0.254545E+06 -0.190030E-02  0.830012E+03  0.208470E-02  0.142206E+06 -0.592092E-01
  0.127364E-03 -0.304116E+04 -0.342338E-04  0.306302E+04 -0.159712E-02 -0.304292E+06
 -0.120019E-02  0.251008E+06 -0.334583E-02 -0.139392E+06 -0.344585E-03  0.237637E+00
 -0.684384E+04 -0.850132E-03 -0.590877E+04 -0.405063E-02  0.583671E+06  0.140516E+00
  0.877392E+03  0.308329E-02  0.107429E+06 -0.651977E-02  0.622969E+03  0.443819E-03
 -0.121113E-03  0.233504E+04 -0.912984E-04 -0.234975E+04  0.992498E-02  0.233640E+06
  0.200031E-03 -0.147513E+06 -0.774808E-02  0.409213E+06  0.138772E-02 -0.215234E+00
 -0.328621E+05 -0.312549E-03  0.164838E+04  0.347554E-02 -0.199455E+06  0.310648E+00
  0.148182E+06 -0.290045E-02  0.615498E+03  0.206556E-02  0.410410E+06  0.740115E-02
  0.561611E-06 -0.241869E+02  0.610447E-07  0.245617E+02 -0.632911E-04 -0.241209E+04
 -0.355055E-02  0.316549E-01 -0.171902E-04 -0.411252E-01  0.111638E-02  0.542329E+06
 1.2692
  0.364950E+06  0.577060E-03 -0.817164E+03  0.250059E-02  0.348201E+06  0.265447E-01
  0.319629E+05 -0.697280E-02 -0.174436E+05 -0.927503E-02  0.229427E+05 -0.307765E-02
 -0.793457E-03  0.375996E+06 -0.591486E-02 -0.278247E+06 -0.646307E-01  0.375996E+08
  0.381701E-03 -0.387640E+04  0.455054E-04  0.283126E+04  0.292099E-04  0.551113E+02
 -0.847396E+03 -0.661214E-03  0.285633E+06 -0.692472E-02 -0.285642E+08 -0.251502E+00
  0.186879E+05 -0.372684E-03 -0.349671E+04  0.387712E-03  0.134565E+05  0.274103E-02
 -0.769413E-03 -0.280075E+06  0.178888E-01  0.154016E+07 -0.728788E+01 -0.280075E+08
 -0.613126E-03  0.388806E+04 -0.138583E-03 -0.284142E+04  0.107800E-03 -0.518369E+02
  0.351263E+06  0.692472E-01 -0.285642E+08  0.652462E+01  0.285803E+10 -0.682008E+01
 -0.183507E+07 -0.192353E-01  0.331373E+06  0.339792E+00 -0.132145E+07  0.415483E+00
  0.800189E-01  0.375996E+08 -0.310843E+00 -0.278247E+08 -0.130000E+02  0.376211E+10
 -0.392401E-01 -0.387390E+06 -0.100444E-01  0.282940E+06  0.178167E-01  0.551855E+04
  0.318335E+05  0.745369E-02  0.183356E+05  0.143303E-01 -0.180019E+07 -0.850899E+00
  0.240377E+06 -0.264486E-02  0.424880E+03 -0.939225E-03  0.133615E+06 -0.417406E-01
  0.319336E-04 -0.386405E+04 -0.270497E-04  0.382958E+04 -0.745369E-02 -0.386146E+06
  0.134647E-02  0.246299E+06 -0.212340E-02 -0.137564E+06  0.338121E-03  0.846354E-02
 -0.184424E+05  0.153883E-02 -0.364729E+04 -0.504927E-03  0.345489E+06  0.259641E+00
  0.464775E+03 -0.565038E-03  0.108004E+06 -0.406947E-02  0.334271E+03  0.637170E-03
  0.433922E-04  0.299474E+04  0.826518E-05 -0.296866E+04  0.375089E-02  0.299269E+06
  0.961766E-04 -0.145362E+06 -0.464052E-02  0.409695E+06 -0.966274E-03  0.102332E+00
  0.238522E+05 -0.305361E-02  0.137508E+05 -0.125030E-02 -0.135007E+07 -0.383853E+00
  0.139096E+06 -0.961766E-03  0.318554E+03  0.655316E-02  0.405924E+06  0.121183E-01
  0.258287E-06  0.593086E+02  0.173170E-06 -0.572538E+02 -0.323845E-03  0.593584E+04
  0.432795E-03  0.742964E-01  0.217900E-04 -0.676452E-01 -0.696905E-03  0.543470E+06
 1.3179
  0.361122E+06  0.277864E-03  0.302020E+04  0.481632E-02 -0.395953E+05 -0.770610E-01
  0.718076E+05  0.157456E-02 -0.606432E+04  0.335680E-02  0.520715E+05 -0.296389E-02
 -0.648350E-03  0.345648E+06  0.463107E-03 -0.246314E+06  0.758755E+00  0.345648E+08
  0.121927E-03  0.963376E+03  0.370848E-05 -0.711260E+03 -0.407983E-03  0.123442E+03
  0.306609E+04  0.136617E-02  0.285913E+06  0.120037E+00 -0.285881E+08 -0.644645E-01
  0.112142E+05 -0.370486E-03  0.153785E+04 -0.268457E-03  0.817679E+04  0.272075E-02
 -0.115777E-02 -0.248297E+06 -0.111146E-01  0.151421E+07 -0.521644E+01 -0.248297E+08
 -0.470343E-05 -0.968171E+03  0.870587E-05  0.712743E+03 -0.113747E-03 -0.123881E+03
 -0.435776E+05  0.222291E-01 -0.285881E+08  0.490820E+01  0.286002E+10  0.657983E+01
 -0.104624E+07  0.100031E-01 -0.160183E+06 -0.334363E-01 -0.763049E+06  0.222291E-01
 -0.213400E+00  0.345648E+08 -0.438655E+00 -0.246314E+08  0.838424E+02  0.345864E+10
  0.314218E-01  0.968242E+05 -0.102462E-02 -0.714841E+05 -0.976867E-03  0.123399E+05
  0.714607E+05 -0.291758E-02  0.109991E+05 -0.407534E-02 -0.102561E+07  0.154307E+00
  0.244947E+06 -0.398272E-02 -0.129487E+04  0.260208E-02  0.138173E+06 -0.963263E-02
 -0.198991E-03  0.949466E+03 -0.325622E-04 -0.941855E+03  0.463107E-04  0.954750E+05
 -0.138932E-02  0.238469E+06 -0.389878E-02 -0.133164E+06  0.139656E-02  0.963263E-01
 -0.641798E+04  0.740248E-03  0.160657E+04 -0.923320E-03 -0.167383E+06 -0.336216E-01
 -0.137943E+04  0.105936E-02  0.107829E+06  0.800018E-02 -0.100131E+04 -0.416797E-03
  0.846618E-04 -0.742382E+03  0.940687E-05  0.734356E+03  0.416797E-03 -0.746495E+05
 -0.555729E-03 -0.140626E+06 -0.679899E-02  0.408468E+06  0.222002E-02 -0.585368E-01
  0.540389E+05 -0.175981E-02  0.834677E+04  0.578884E-02 -0.778378E+06 -0.513910E+00
  0.143857E+06 -0.125039E-02 -0.979536E+03 -0.510359E-02  0.411535E+06  0.140785E-01
 -0.429640E-06  0.104833E+03  0.678380E-07 -0.101468E+03  0.289442E-05  0.104892E+05
 -0.324175E-02  0.155326E+00  0.484815E-04 -0.156018E+00  0.274500E-02  0.544832E+06
 1.3667
  0.299305E+06 -0.803878E-03 -0.367960E+04  0.330483E-02  0.568350E+06  0.262243E+00
 -0.227643E+04  0.638636E-02  0.122791E+05  0.558248E-05 -0.168395E+04 -0.178639E-02
  0.379609E-03  0.313182E+06 -0.576112E-02 -0.214753E+06  0.580221E+00  0.313182E+08
 -0.284707E-03  0.419642E+04 -0.180384E-03 -0.315026E+04 -0.440493E-04 -0.272174E+02
 -0.370754E+04  0.446599E-03  0.283586E+06 -0.400152E-01 -0.283624E+08 -0.414444E-01
 -0.115623E+05  0.245629E-02  0.358849E+04  0.423501E-02 -0.850898E+04  0.241163E-02
 -0.133980E-03 -0.216138E+06  0.857470E-01  0.147702E+07  0.166921E+01 -0.216138E+08
 -0.669898E-04 -0.408204E+04 -0.346725E-04  0.306683E+04  0.135124E-03  0.255274E+02
  0.571171E+06 -0.514482E-01 -0.283624E+08 -0.141997E+02  0.283809E+10 -0.441311E+01
  0.115396E+07 -0.443026E-01 -0.346030E+06 -0.165242E+00  0.849241E+06 -0.205793E+00
 -0.614520E-01  0.313182E+08 -0.628811E-01 -0.214753E+08  0.221341E+02  0.313400E+10
 -0.432308E-01  0.419572E+06  0.721815E-02 -0.314974E+06 -0.266675E-01 -0.272781E+04
 -0.230888E+04 -0.111203E-01 -0.113534E+05  0.337182E-02  0.113307E+07 -0.101519E+01
  0.223866E+06  0.692228E-03  0.137729E+04  0.586161E-03  0.124538E+06  0.385861E-01
 -0.488467E-04  0.417956E+04 -0.104672E-05 -0.402004E+04  0.146038E-01  0.417894E+06
  0.893197E-04  0.227854E+06 -0.137608E-02 -0.127155E+06 -0.230243E-02  0.621665E-01
  0.130064E+05 -0.234464E-03  0.375371E+04 -0.133980E-02 -0.361851E+06 -0.149443E-01
  0.146422E+04  0.117232E-02  0.106797E+06  0.113324E-02  0.107587E+04  0.178639E-03
  0.404730E-04 -0.331094E+04  0.959489E-04  0.318619E+04  0.140679E-02 -0.331044E+06
  0.982517E-03 -0.133974E+06 -0.541222E-02  0.404525E+06 -0.124071E-02 -0.221513E-01
 -0.177511E+04  0.663199E-02 -0.866847E+04 -0.368444E-02  0.865114E+06  0.209901E-01
  0.129444E+06 -0.455531E-02  0.105219E+04  0.115031E-01  0.401938E+06 -0.285823E-02
  0.654197E-06 -0.266175E+02 -0.244234E-05  0.264455E+02 -0.293080E-04 -0.266866E+04
  0.625238E-03  0.234911E-01  0.195387E-04 -0.262405E-01 -0.410068E-02  0.546649E+06
 1.4154
  0.290781E+06 -0.258736E-03  0.327590E+04  0.120743E-02 -0.134554E+06 -0.440714E+00
 -0.735128E+05  0.155242E-02  0.105108E+05  0.607086E-02 -0.547834E+05 -0.482974E-02
  0.258736E-03  0.281447E+06  0.127212E-02 -0.183347E+06  0.524372E-01  0.281447E+08
  0.781598E-04  0.580270E+03  0.120467E-04 -0.447737E+03  0.146231E-03 -0.187519E+03
  0.335514E+04  0.560595E-03  0.287316E+06 -0.172491E+00 -0.287281E+08 -0.431227E-01
 -0.151126E+05  0.485130E-03  0.961242E+03 -0.413476E-03 -0.112080E+05 -0.106729E-02
 -0.215613E-03 -0.183915E+06 -0.648565E-01  0.144207E+07  0.410666E+01 -0.183915E+08
 -0.613150E-03 -0.523009E+03 -0.141470E-05  0.398842E+03  0.291426E-03  0.180127E+03
 -0.142955E+06 -0.469175E-01 -0.287282E+08 -0.940557E+01  0.287392E+10  0.763927E+01
  0.143473E+07  0.241487E-01 -0.852710E+05  0.381487E-01  0.106388E+07 -0.234587E-01
  0.827955E-01  0.281447E+08  0.137993E-01 -0.183347E+08  0.353261E+00  0.281668E+10
 -0.879702E-02  0.572243E+05 -0.118469E-02 -0.441606E+05  0.462231E-01 -0.187408E+05
 -0.731917E+05  0.517472E-03 -0.148031E+05 -0.198364E-02  0.140454E+07  0.287499E+00
  0.215762E+06 -0.254424E-02 -0.943676E+03 -0.205506E-02  0.120061E+06  0.386379E-01
  0.285688E-03  0.593062E+03  0.249303E-04 -0.529766E+03  0.202677E-02  0.584488E+05
 -0.603717E-03  0.215316E+06  0.149447E-02 -0.119404E+06 -0.172828E-03 -0.779658E-01
  0.111590E+05  0.657621E-03  0.100140E+04 -0.528253E-03 -0.886899E+05  0.465886E-01
 -0.102468E+04 -0.425836E-03  0.107477E+06  0.699126E-02 -0.763550E+03 -0.194052E-03
 -0.115218E-03 -0.481298E+03  0.741171E-05  0.424960E+03 -0.125056E-02 -0.474401E+05
 -0.310483E-02 -0.125397E+06  0.371933E-03  0.398895E+06  0.502649E-03  0.869353E-01
 -0.565899E+05 -0.357918E-02 -0.113966E+05  0.181115E-02  0.108120E+07  0.369604E+00
  0.124463E+06 -0.172491E-03 -0.729639E+03 -0.377728E-02  0.398963E+06  0.246662E-01
 -0.195821E-05 -0.183912E+03 -0.158446E-05  0.176213E+03  0.589568E-04 -0.183624E+05
  0.508847E-02  0.382067E-01 -0.404275E-05 -0.153517E-01  0.923095E-03  0.549187E+06
 1.4641
  0.245361E+06 -0.219903E-02 -0.252745E+04  0.862937E-02  0.400928E+06 -0.293982E+00
 -0.220169E+05  0.129232E-02 -0.595781E+04 -0.775913E-02 -0.166111E+05 -0.391865E-02
  0.312658E-04  0.250957E+06 -0.812911E-03 -0.153909E+06 -0.104720E+01  0.250957E+08
 -0.341319E-03 -0.362661E+04  0.547559E-04  0.281298E+04  0.364055E-03 -0.571716E+02
 -0.260755E+04 -0.500253E-03  0.287819E+06  0.276807E-01 -0.287846E+08 -0.140905E-01
  0.429451E+04  0.120894E-02 -0.207644E+04 -0.123305E-02  0.327088E+04 -0.195932E-02
  0.416878E-03 -0.154104E+06 -0.375190E-01  0.141524E+07 -0.896454E+00 -0.154104E+08
 -0.833755E-04  0.344814E+04 -0.365582E-04 -0.267476E+04 -0.154731E-03  0.556491E+02
  0.408164E+06 -0.453563E-01 -0.287845E+08 -0.313759E+01  0.288013E+10  0.457832E+01
 -0.452515E+06  0.807075E-01  0.201530E+06  0.342256E+00 -0.344520E+06  0.237453E+00
 -0.933806E-02  0.250957E+08  0.133401E-02 -0.153909E+08 -0.563485E+01  0.251179E+10
  0.516928E-01 -0.362904E+06  0.639907E-02  0.281485E+06  0.413178E-01 -0.573007E+04
 -0.218504E+05  0.650329E-02  0.414656E+04 -0.452833E-02 -0.437414E+06  0.814058E+00
  0.203690E+06  0.537772E-02  0.387521E+03 -0.709995E-03  0.112486E+06  0.221779E-01
  0.338713E-04 -0.361081E+04  0.919578E-04  0.339270E+04 -0.571155E-02 -0.361358E+06
  0.683679E-02  0.200734E+06 -0.129232E-02 -0.109927E+06 -0.199971E-03  0.280475E+00
 -0.637661E+04 -0.416878E-04 -0.218797E+04  0.160498E-02  0.212292E+06  0.490938E-01
  0.421604E+03  0.468987E-03  0.107467E+06  0.526047E-01  0.319061E+03  0.333502E-03
  0.732793E-04  0.294117E+04  0.617988E-04 -0.276338E+04  0.165269E-02  0.294341E+06
 -0.500253E-03 -0.115322E+06  0.546110E-02  0.393305E+06  0.449446E-03 -0.290814E+00
 -0.170801E+05 -0.200883E-02  0.325928E+04  0.312658E-02 -0.343716E+06 -0.276140E+00
  0.116553E+06 -0.245958E-02  0.304181E+03  0.367504E-02  0.395006E+06 -0.311824E-01
 -0.895635E-05 -0.565377E+02 -0.692082E-06  0.533169E+02  0.224072E-03 -0.565557E+04
 -0.208439E-02  0.307406E+00  0.293117E-04 -0.289516E+00 -0.712274E-03  0.550776E+06
 1.5128
  0.223378E+06  0.126079E-02  0.156331E+04  0.197692E-02 -0.289738E+05  0.101025E+00
  0.653827E+05  0.645524E-02 -0.978876E+04  0.243080E-02  0.500890E+05  0.306624E-02
 -0.504316E-04  0.222651E+06  0.140200E-02 -0.126500E+06 -0.406680E-01  0.222651E+08
 -0.260983E-03 -0.119056E+04  0.105591E-04  0.949334E+03  0.332270E-03  0.269914E+03
  0.159767E+04 -0.262244E-03  0.291118E+06 -0.503509E-01 -0.291102E+08 -0.291293E-01
  0.136424E+05  0.186597E-03 -0.123816E+04  0.114023E-02  0.106206E+05  0.806905E-03
  0.121036E-03 -0.126436E+06 -0.871458E-02  0.139533E+07  0.448252E+01 -0.126437E+08
 -0.139948E-03  0.107189E+04 -0.345732E-05 -0.865567E+03 -0.470245E-03 -0.257141E+03
 -0.332260E+05  0.154926E-01 -0.291102E+08 -0.191282E+02  0.291225E+10 -0.210699E+01
 -0.129626E+07 -0.109739E-01  0.113512E+06 -0.456204E-01 -0.100981E+07  0.152344E+00
 -0.451867E-01  0.222651E+08 -0.133624E+00 -0.126500E+08  0.283411E+02  0.222876E+10
 -0.371177E-02 -0.117941E+06 -0.182688E-02  0.940561E+05  0.432709E-01  0.269786E+05
  0.651474E+05 -0.484143E-03  0.131849E+05  0.403453E-02 -0.125130E+07 -0.755808E+00
  0.179438E+06 -0.516419E-02  0.173854E+03 -0.607701E-03  0.950432E+05  0.203340E-01
  0.307633E-03 -0.120431E+04  0.579963E-04  0.107250E+04  0.117001E-02 -0.119274E+06
 -0.403453E-03  0.185241E+06  0.165416E-02 -0.991624E+05 -0.165636E-02 -0.403453E+00
 -0.104886E+05  0.201726E-03 -0.127738E+04 -0.312676E-03  0.116733E+06  0.197641E-01
  0.206205E+03  0.353021E-03  0.108438E+06  0.275104E-01  0.158522E+03 -0.403453E-04
 -0.144991E-04  0.100700E+04 -0.340413E-04 -0.905965E+03 -0.395384E-02  0.997483E+05
  0.806905E-03 -0.103928E+06  0.310406E-02  0.386731E+06  0.206517E-02  0.308883E+00
  0.516978E+05  0.528523E-02  0.105250E+05  0.322762E-02 -0.999045E+06  0.680786E+00
  0.984352E+05 -0.108932E-02  0.137885E+03 -0.312676E-03  0.383288E+06  0.919872E-02
  0.161145E-04  0.252760E+03 -0.299438E-05 -0.237130E+03  0.103889E-02  0.252437E+05
  0.806905E-04 -0.299443E+00  0.239550E-04  0.211450E+00 -0.184138E-02  0.553127E+06
 1.5615
  0.198027E+06 -0.218885E-02 -0.905217E+03 -0.289241E-02  0.194921E+06  0.925570E-01
  0.332344E+05 -0.284355E-02  0.182021E+04  0.410409E-03  0.258642E+05 -0.140712E-02
  0.403080E-03  0.196838E+06  0.133383E-02 -0.103042E+06 -0.187615E-02  0.196837E+08
 -0.173447E-03  0.295928E+04 -0.401172E-04 -0.238058E+04 -0.556621E-04  0.122814E+03
 -0.945555E+03 -0.429952E-03  0.290673E+06  0.750462E-02 -0.290683E+08  0.186834E-01
 -0.119943E+03 -0.312692E-03  0.118227E+04  0.575305E-03 -0.134939E+03 -0.312692E-03
  0.781731E-04 -0.102971E+06 -0.264225E-01  0.137034E+07 -0.262161E+01 -0.102971E+08
 -0.195433E-03 -0.274851E+04 -0.522554E-04  0.221263E+04  0.683156E-04 -0.105252E+03
  0.198193E+06 -0.450277E-01 -0.290682E+08 -0.608374E+01  0.290829E+10  0.384236E+01
  0.468091E+05 -0.325200E-01 -0.116315E+06  0.116243E+00  0.406685E+05 -0.325200E-01
  0.473729E-01  0.196837E+08  0.625385E-03 -0.103042E+08  0.548337E+01  0.197065E+10
 -0.162600E-01  0.296488E+06 -0.173447E-03 -0.238514E+06  0.455725E-02  0.121676E+05
  0.330229E+05  0.891173E-02 -0.327503E+02 -0.173935E-02  0.376787E+05 -0.717922E+00
  0.177899E+06  0.547212E-03 -0.649469E+03  0.383537E-03  0.953700E+05 -0.343962E-01
  0.500796E-04  0.294233E+04  0.111458E-04 -0.269880E+04 -0.171981E-02  0.294830E+06
  0.938077E-03  0.169401E+06 -0.350558E-03 -0.884034E+05  0.181752E-02  0.224826E+00
  0.201264E+04 -0.171492E-02  0.124807E+04  0.962506E-03 -0.122709E+06 -0.407044E-01
 -0.692852E+03 -0.410409E-03  0.108328E+06  0.284794E-01 -0.539903E+03  0.195433E-03
  0.158789E-04 -0.247248E+04  0.763409E-05  0.226915E+04 -0.588253E-02 -0.247757E+06
 -0.547212E-03 -0.926372E+05  0.107488E-03  0.379084E+06  0.152804E-02 -0.252655E+00
  0.265271E+05 -0.284355E-02 -0.519036E+02  0.488582E-02  0.328740E+05 -0.748087E+00
  0.987608E+05 -0.109442E-02 -0.521968E+03  0.297363E-02  0.384653E+06  0.234519E-02
  0.129780E-04  0.125070E+03  0.763409E-06 -0.109980E+03 -0.131917E-03  0.124120E+05
  0.422135E-02  0.154314E+00  0.244291E-05 -0.169777E+00 -0.126940E-02  0.555513E+06
 1.6103
  0.171272E+06  0.288070E-02  0.508260E+03 -0.341136E-03  0.284120E+05 -0.173145E+00
 -0.569276E+05 -0.416944E-03  0.776318E+04  0.147186E-01 -0.452496E+05  0.171326E-01
 -0.156354E-03  0.174257E+06 -0.483276E-03 -0.822527E+05  0.408605E+00  0.174257E+08
 -0.208472E-03  0.111070E+04 -0.842105E-05 -0.925510E+03  0.618175E-03 -0.352998E+03
  0.544399E+03  0.379040E-04  0.293730E+06 -0.203165E-01 -0.293725E+08  0.667110E-02
 -0.110019E+05  0.653844E-03  0.112671E+04  0.144805E-03 -0.865403E+04  0.305127E-02
 -0.265328E-03 -0.818948E+05 -0.360846E-01  0.134706E+07 -0.217357E+01 -0.818950E+07
 -0.781770E-04 -0.975690E+03  0.109196E-04  0.802138E+03 -0.331970E-03  0.323099E+03
  0.237969E+05  0.000000E+00 -0.293725E+08 -0.624900E+01  0.293853E+10  0.155255E+00
  0.104029E+07  0.110376E+00 -0.104642E+06 -0.281437E-01  0.817973E+06  0.298380E+00
 -0.200740E+00  0.174257E+08  0.185730E+00 -0.822528E+07 -0.128085E+02  0.174488E+10
  0.222876E-01  0.109625E+06  0.714253E-03 -0.913635E+05 -0.112581E-01 -0.353640E+05
 -0.567719E+05  0.235005E-02 -0.106589E+05  0.288070E-02  0.100658E+07 -0.423047E+00
  0.144026E+06 -0.341136E-03  0.856747E+03  0.559202E-02  0.698758E+05 -0.132664E-01
 -0.313892E-04  0.113042E+04  0.272435E-04 -0.984402E+03  0.871792E-03  0.111556E+06
  0.181939E-02  0.154136E+06 -0.210841E-03 -0.775480E+05  0.290351E-03 -0.520346E+00
  0.833271E+04  0.123188E-03  0.116520E+04 -0.161092E-03 -0.107997E+06 -0.521180E-03
  0.917177E+03 -0.824412E-03  0.108829E+06  0.474274E-01  0.726160E+03  0.113712E-03
 -0.692932E-04 -0.980612E+03 -0.296125E-05  0.843612E+03  0.405573E-02 -0.967888E+05
  0.379040E-03 -0.811693E+05 -0.102246E-01  0.370213E+06 -0.168081E-02  0.407847E+00
 -0.464854E+05  0.322184E-02 -0.867136E+04 -0.333555E-02  0.818743E+06  0.192571E+00
  0.723493E+05 -0.795984E-03  0.699323E+03 -0.451117E-02  0.364041E+06 -0.144035E-01
 -0.201735E-04 -0.340348E+03  0.233198E-05  0.308913E+03  0.315077E-03 -0.340907E+05
 -0.227424E-03 -0.398068E+00  0.219132E-04  0.314850E+00  0.189698E-02  0.559024E+06
 1.6590
  0.157398E+06 -0.316402E-02 -0.256700E+03  0.309503E-02  0.926060E+05 -0.506243E-01
 -0.327613E+05 -0.294327E-03 -0.270520E+03  0.275932E-03 -0.263846E+05 -0.846191E-02
 -0.570259E-03  0.154509E+06  0.313872E-03 -0.637700E+05 -0.161144E-01  0.154509E+08
  0.758812E-04 -0.245470E+04  0.126828E-04  0.206007E+04 -0.175044E-03 -0.169108E+03
 -0.286119E+03  0.220745E-03  0.296062E+06  0.441491E-01 -0.296065E+08  0.154522E-01
 -0.860882E+03 -0.455287E-03 -0.394403E+03 -0.284842E-03 -0.676775E+03  0.533468E-03
  0.735818E-04 -0.625277E+05 -0.394398E-01  0.133025E+07  0.171416E+01 -0.625276E+07
  0.356412E-03  0.223020E+04  0.386233E-05 -0.187007E+04  0.271530E-04  0.146046E+03
  0.938116E+05  0.282554E-01 -0.296064E+08 -0.108878E+02  0.296201E+10  0.609375E+01
  0.516183E+05  0.400285E-01  0.392002E+05  0.351721E-01  0.399734E+05 -0.470923E-02
 -0.465037E-01  0.154509E+08 -0.831474E-02 -0.637698E+07  0.482226E+01  0.154744E+10
 -0.676953E-01 -0.246189E+06  0.160960E-04  0.206618E+06  0.131056E-01 -0.166839E+05
 -0.325193E+05 -0.537147E-02 -0.890402E+03 -0.590494E-02  0.550062E+05 -0.666145E+00
  0.151882E+06  0.691669E-02 -0.104009E+04 -0.117386E-02  0.767661E+05 -0.117731E-01
 -0.250782E-03 -0.244252E+04 -0.153774E-04  0.219329E+04  0.809400E-03 -0.245010E+06
  0.625445E-03  0.139656E+06  0.103474E-04 -0.665495E+05  0.870047E-03  0.557014E+00
 -0.332368E+03 -0.140265E-02 -0.434816E+03 -0.831244E-03  0.431973E+05 -0.398054E-01
 -0.112818E+04  0.699027E-03  0.109620E+06  0.151027E-01 -0.909446E+03  0.809400E-03
  0.119283E-03  0.213046E+04 -0.172457E-04 -0.191122E+04 -0.827795E-03  0.213714E+06
  0.161880E-02 -0.695162E+05  0.177677E-01  0.362360E+06  0.298926E-03 -0.464743E+00
 -0.269325E+05 -0.154522E-02 -0.727901E+03  0.974959E-03  0.447098E+05  0.497077E+00
  0.792431E+05  0.294327E-03 -0.862624E+03  0.144657E-01  0.371047E+06  0.235462E-02
  0.118564E-04 -0.169970E+03 -0.934144E-06  0.147823E+03  0.482881E-03 -0.167904E+05
  0.154522E-02  0.413603E+00  0.362160E-04 -0.353519E+00 -0.203097E-02  0.561721E+06
 1.7077
  0.134102E+06 -0.714826E-03  0.282371E+03 -0.269400E-02  0.171754E+05 -0.770511E+00
  0.506221E+05  0.664788E-02 -0.565889E+04  0.610618E-02  0.416430E+05 -0.757716E-02
  0.276995E-03  0.137015E+06  0.107782E-03 -0.482522E+05  0.277174E-01  0.137015E+08
 -0.540587E-03 -0.628328E+03  0.271485E-04  0.552237E+03 -0.116418E-03  0.488100E+03
  0.285022E+03 -0.393154E-03  0.298481E+06  0.972163E-02 -0.298478E+08  0.719115E-01
  0.845270E+04  0.536120E-04 -0.690163E+03  0.392317E-03  0.705468E+04 -0.275208E-02
  0.321672E-03 -0.469060E+05 -0.228744E-01  0.131911E+07  0.329392E+00 -0.469062E+07
 -0.351828E-03  0.529659E+03 -0.948942E-06 -0.472061E+03 -0.956746E-04 -0.437703E+03
  0.150906E+05 -0.571861E-01 -0.298478E+08 -0.355011E+01  0.298607E+10  0.604800E+01
 -0.791121E+06 -0.554705E-01  0.630036E+05 -0.800516E-01 -0.660725E+06 -0.116660E+00
 -0.137818E+00  0.137015E+08 -0.359915E-01 -0.482524E+07  0.166068E+01  0.137254E+10
 -0.114372E-02 -0.609263E+05 -0.163070E-02  0.535897E+05 -0.216855E-01  0.489791E+05
  0.505047E+05 -0.135817E-02  0.797887E+04  0.864940E-02 -0.744277E+06 -0.394638E+00
  0.113891E+06 -0.328820E-02  0.864256E+03  0.923689E-03  0.464655E+05  0.142965E-03
 -0.781841E-05 -0.655126E+03  0.100522E-04  0.552026E+03 -0.178707E-03 -0.635659E+05
 -0.185855E-02  0.126261E+06  0.306035E-03 -0.562855E+05  0.870357E-03 -0.765579E+00
 -0.613663E+04 -0.326139E-03 -0.660359E+03  0.276995E-03  0.595311E+05  0.458092E-01
  0.971448E+03  0.714826E-03  0.110255E+06  0.322387E-01  0.798303E+03  0.214448E-03
 -0.608719E-04  0.595546E+03  0.100522E-04 -0.506061E+03 -0.110798E-02  0.578253E+05
 -0.128669E-02 -0.589240E+05  0.272081E-02  0.355369E+06 -0.129060E-02  0.705104E+00
  0.426857E+05 -0.125095E-02  0.675212E+04  0.471785E-02 -0.629807E+06 -0.117589E-01
  0.481560E+05  0.296653E-02  0.728979E+03  0.444979E-02  0.347361E+06  0.185855E-02
 -0.114571E-04  0.485735E+03 -0.223383E-05 -0.433226E+03  0.853324E-03  0.487159E+05
 -0.114372E-02 -0.623328E+00 -0.111692E-04  0.554030E+00  0.313546E-02  0.564862E+06
 1.7564
  0.123061E+06 -0.284950E-02 -0.258936E+03 -0.944764E-03  0.622622E+05  0.524029E-01
  0.243563E+05 -0.173750E-03  0.136569E+03 -0.161804E-03  0.203815E+05  0.104250E-02
  0.130312E-03  0.121597E+06  0.596450E-03 -0.347048E+05 -0.594224E-02  0.121597E+08
  0.123797E-03  0.204012E+04  0.168320E-04 -0.179376E+04 -0.155255E-04  0.105120E+03
 -0.286879E+03 -0.208500E-03  0.299547E+06  0.358619E-01 -0.299550E+08 -0.778399E-02
  0.107545E+03  0.247593E-03  0.385695E+03  0.367318E-03 -0.114091E+03  0.521249E-03
  0.521249E-04 -0.333124E+05 -0.375299E-02  0.131170E+07  0.297126E+01 -0.333122E+07
  0.238906E-04 -0.181084E+04 -0.746581E-05  0.160600E+04  0.166454E-04 -0.904330E+02
  0.632297E+05  0.177920E-01 -0.299550E+08 -0.313139E+01  0.299684E+10  0.195712E+01
  0.148523E+05  0.166800E-01 -0.382584E+05  0.512388E-01  0.333034E+05 -0.622719E-01
  0.345831E+00  0.121597E+08 -0.317962E-01 -0.347046E+07  0.142425E+02  0.121841E+10
  0.278000E-02  0.204558E+06 -0.495187E-03 -0.179865E+06  0.132376E-02  0.991772E+04
  0.241208E+05 -0.456962E-02  0.939624E+02 -0.721061E-02  0.158007E+05 -0.439033E+00
  0.127181E+06  0.868749E-02 -0.801379E+03  0.673606E-02  0.578492E+05 -0.111200E-02
  0.293203E-04  0.204101E+04  0.000000E+00 -0.179124E+04 -0.264100E-02  0.204657E+06
  0.538624E-03  0.114266E+06 -0.404511E-03 -0.466665E+05 -0.570795E-03  0.931298E+00
  0.166677E+03  0.182437E-03  0.393847E+03  0.313835E-03 -0.389120E+05 -0.354792E-01
 -0.875107E+03 -0.703686E-03  0.110852E+06 -0.194600E-02 -0.732692E+03  0.000000E+00
  0.785267E-04 -0.185769E+04 -0.135742E-05  0.164041E+04 -0.347499E-04 -0.186284E+06
  0.208500E-03 -0.490356E+05  0.538624E-02  0.348524E+06 -0.289836E-02 -0.882371E+00
  0.207012E+05 -0.347499E-02  0.823587E+02  0.224137E-02  0.137229E+05  0.339490E+00
  0.598885E+05  0.100775E-02 -0.688028E+03  0.390394E-02  0.358475E+06 -0.264100E-02
 -0.111308E-04  0.107395E+03 -0.135742E-06 -0.898463E+02 -0.347499E-04  0.101300E+05
 -0.347499E-03  0.898147E+00 -0.651561E-05 -0.847221E+00 -0.517720E-03  0.568438E+06
 1.8051
  0.107097E+06 -0.182585E-02  0.341028E+03 -0.234888E-02 -0.118649E+05 -0.445170E+00
 -0.464598E+05 -0.676242E-03  0.409358E+04 -0.146480E-01 -0.397461E+05  0.540993E-03
 -0.114961E-02  0.107985E+06 -0.528314E-06 -0.228672E+05 -0.228232E-02  0.107985E+08
 -0.406802E-03 -0.229326E+02  0.524186E-06  0.136885E+02  0.328194E-04 -0.664348E+03
  0.376342E+03 -0.507181E-03  0.300712E+06  0.137953E-01 -0.300707E+08  0.411155E-01
 -0.626413E+04  0.152154E-03  0.459195E+03  0.255308E-03 -0.542663E+04  0.540993E-03
  0.338121E-03 -0.216909E+05 -0.233980E-01  0.129847E+07  0.282182E+01 -0.216909E+07
  0.813603E-04  0.381359E+02 -0.358676E-05 -0.263074E+02 -0.307753E-04  0.587003E+03
 -0.170087E+05  0.540993E-01 -0.300708E+08  0.103525E+02  0.300833E+10 -0.948686E+01
  0.575703E+06  0.508534E-01 -0.414756E+05  0.309381E-02  0.499099E+06  0.119019E-01
 -0.353810E+00  0.107985E+08  0.750290E-01 -0.228672E+07 -0.128973E+01  0.108234E+10
  0.453082E-01 -0.472118E+04 -0.132078E-03  0.356197E+04 -0.134073E-02 -0.665382E+05
 -0.462895E+05 -0.608618E-03 -0.589776E+04 -0.696529E-02  0.539576E+06 -0.539303E-01
  0.937304E+05  0.611999E-02  0.422438E+03 -0.109572E-02  0.299220E+05 -0.189348E-02
 -0.330196E-04  0.443717E+01  0.818887E-05  0.942641E+01 -0.270497E-03 -0.201862E+04
 -0.828396E-03  0.103513E+06 -0.146079E-03 -0.379185E+05  0.837378E-04 -0.385255E+00
  0.444510E+04  0.143701E-03  0.465995E+03  0.312762E-03 -0.417791E+05 -0.550566E-01
  0.451389E+03  0.110735E-02  0.111152E+06  0.155536E-02  0.384794E+03 -0.202873E-03
  0.176985E-04 -0.103593E+02 -0.528314E-05 -0.289311E+01  0.104817E-02  0.126198E+04
 -0.270497E-03 -0.401386E+05 -0.344038E-02  0.341259E+06 -0.122357E-02  0.424139E+00
 -0.405583E+05 -0.128486E-02 -0.516033E+04  0.260353E-02  0.472006E+06  0.145730E-01
  0.313885E+05  0.169060E-03  0.368662E+03 -0.376476E-02  0.334665E+06 -0.162298E-02
 -0.260195E-04 -0.664980E+03  0.386330E-05  0.584614E+03  0.418425E-03 -0.665984E+05
 -0.121724E-02 -0.289026E+00  0.126795E-04  0.261955E+00  0.105531E-02  0.572440E+06
 1.8538
  0.944851E+05  0.592623E-03 -0.444800E+03 -0.187047E-02  0.549596E+05  0.196224E-01
 -0.999289E+04 -0.395082E-03 -0.710097E+03  0.120171E-02 -0.866182E+04  0.223880E-02
  0.888935E-03  0.960182E+05 -0.339009E-03 -0.122140E+05 -0.342734E-01  0.960186E+07
 -0.699625E-04 -0.152471E+04  0.553012E-05  0.141782E+04  0.128178E-03  0.193215E+03
 -0.503073E+03 -0.296312E-03  0.302766E+06 -0.745389E-01 -0.302771E+08 -0.113915E+00
  0.152177E+04  0.325120E-03 -0.217775E+03  0.830805E-04  0.133040E+04  0.526776E-03
 -0.246926E-03 -0.108410E+05  0.144864E-02  0.128729E+07 -0.746758E+01 -0.108414E+07
 -0.144040E-03  0.134240E+04 -0.287277E-04 -0.123725E+04  0.700871E-04 -0.176098E+03
  0.589848E+05  0.107462E+00 -0.302771E+08 -0.539419E+01  0.302905E+10  0.142440E+01
 -0.161553E+06  0.210711E-01  0.209496E+05  0.238860E-01 -0.141038E+06  0.316066E-01
 -0.658471E-01  0.960186E+07  0.434920E-01 -0.122143E+07  0.109527E+02  0.962759E+09
 -0.263388E-01 -0.152246E+06 -0.403313E-03  0.141572E+06  0.535892E-01  0.205307E+05
 -0.978387E+04 -0.396729E-02  0.131660E+04  0.652503E-02 -0.140792E+06  0.130879E+00
  0.100479E+06 -0.495499E-02 -0.827906E+02  0.146098E-03  0.358286E+05  0.250219E-02
 -0.506714E-04 -0.154228E+04 -0.321519E-05  0.134503E+04 -0.971244E-03 -0.153996E+06
  0.403313E-03  0.942890E+05 -0.648696E-03 -0.300840E+05  0.470061E-04 -0.813425E+00
 -0.815575E+03  0.411544E-05 -0.183089E+03 -0.183137E-03  0.174385E+05 -0.606904E-01
 -0.694299E+02 -0.164618E-04  0.111825E+06  0.722671E-02 -0.586410E+02  0.000000E+00
  0.257215E-04  0.147624E+04  0.411544E-05 -0.127700E+04  0.164618E-04  0.147401E+06
  0.888935E-03 -0.320775E+05 -0.431092E-02  0.333837E+06 -0.850867E-03  0.785424E+00
 -0.866629E+04  0.340347E-02  0.118474E+04  0.729462E-03 -0.126439E+06 -0.273463E+00
  0.374263E+05  0.888935E-03 -0.722520E+02  0.662586E-03  0.339396E+06  0.724318E-02
 -0.401255E-04  0.189165E+03 -0.681620E-05 -0.169432E+03 -0.271619E-03  0.200586E+05
  0.302896E-02 -0.806100E+00  0.133752E-04  0.731182E+00 -0.325994E-02  0.578416E+06
 1.9026
  0.875146E+05 -0.641609E-03  0.499198E+03  0.922314E-03 -0.445257E+05 -0.191200E-01
  0.437082E+05  0.247020E-02 -0.293329E+04  0.105480E-01  0.389154E+05  0.384966E-02
 -0.108272E-03  0.854076E+05 -0.123911E-02 -0.268450E+04  0.237396E-01  0.854068E+07
  0.104262E-03  0.607920E+03 -0.350880E-05 -0.579581E+03  0.147906E-03  0.671662E+03
  0.525557E+03 -0.545368E-03  0.304665E+06 -0.944449E-01 -0.304659E+08  0.145774E+00
  0.429858E+04 -0.415041E-03 -0.215636E+03 -0.385874E-03  0.382233E+04 -0.104262E-03
 -0.641610E-04 -0.703597E+03  0.857190E-01  0.127834E+07 -0.300581E+01 -0.702883E+05
  0.139350E-03 -0.541525E+03  0.237314E-05  0.516093E+03  0.511966E-03 -0.587217E+03
 -0.495308E+05  0.903386E-01 -0.304660E+08 -0.113991E+02  0.304782E+10  0.369567E+01
 -0.381764E+06  0.596697E-02  0.183781E+05  0.419420E-01 -0.339447E+06 -0.769931E-03
  0.439887E+00  0.854068E+07 -0.615945E-02 -0.268376E+06  0.637298E+01  0.856705E+09
  0.106507E-01  0.635004E+05  0.998505E-03 -0.605335E+05 -0.602704E-01  0.664117E+05
  0.434470E+05  0.346469E-02  0.396864E+04  0.189275E-02 -0.349259E+06  0.632595E+00
  0.856570E+05 -0.298348E-02 -0.293559E+03  0.179951E-02  0.224737E+05  0.461959E-02
  0.159776E-03  0.588153E+03  0.275692E-05 -0.514533E+03 -0.481207E-03  0.615601E+05
  0.132332E-03  0.862500E+05 -0.817050E-04 -0.226246E+05 -0.380454E-03  0.268554E+01
 -0.319415E+04 -0.188473E-03 -0.994012E+02  0.260654E-04  0.648607E+04  0.397397E-02
 -0.297371E+03 -0.489227E-03  0.112453E+06 -0.205876E-01 -0.265567E+03 -0.192483E-03
  0.641610E-04 -0.577509E+03 -0.526320E-05  0.505486E+03  0.481207E-04 -0.604322E+05
  0.128322E-03 -0.242542E+05  0.146788E-01  0.327448E+06  0.113284E-03 -0.262803E+01
  0.394628E+05 -0.134738E-02  0.360153E+04  0.182859E-02 -0.317082E+06 -0.146656E+00
  0.235962E+05  0.150778E-02 -0.267776E+03  0.428675E-02  0.327802E+06  0.359301E-02
  0.258148E-04  0.673742E+03  0.219300E-05 -0.584479E+03 -0.248624E-03  0.666425E+05
  0.115490E-02  0.263740E+01  0.100251E-04 -0.253590E+01  0.347071E-02  0.583145E+06
 1.9513
  0.710036E+05  0.187677E-03 -0.542308E+03 -0.200189E-02  0.432709E+05 -0.148015E+00
 -0.901269E+04  0.184549E-02  0.138347E+04 -0.206249E-02 -0.822714E+04  0.150142E-02
  0.240461E-03  0.760092E+05  0.461373E-03  0.541515E+04  0.100094E-02  0.760100E+07
  0.451598E-03  0.818336E+03  0.121346E-04 -0.796837E+03 -0.325165E-03 -0.686758E+03
 -0.595557E+03 -0.813267E-03  0.305899E+06  0.375354E-02 -0.305906E+08 -0.136379E+00
 -0.278734E+04 -0.496562E-03  0.239647E+03  0.204172E-03 -0.260014E+04 -0.265876E-03
  0.250236E-03  0.709131E+04  0.754462E-01  0.127200E+07  0.350731E+01  0.709060E+06
 -0.332345E-03 -0.719980E+03  0.368466E-05  0.699014E+03 -0.174488E-03  0.604092E+03
  0.464436E+05 -0.340321E-01 -0.305905E+08  0.413190E+01  0.306038E+10  0.240227E+01
  0.266506E+06  0.140132E-01 -0.222975E+05  0.585318E-01  0.248826E+06  0.000000E+00
 -0.425401E-01  0.760100E+07  0.400378E-01  0.541442E+06  0.317099E+01  0.762835E+09
  0.140132E-01  0.801363E+05 -0.260988E-03 -0.780097E+05  0.809392E-01 -0.702294E+05
 -0.909904E+04 -0.875826E-03 -0.241421E+04  0.239288E-02  0.229244E+06 -0.272179E+00
  0.730688E+05  0.267440E-02  0.601779E+03 -0.222378E-02  0.108573E+05 -0.810139E-02
 -0.153954E-04  0.847735E+03 -0.259644E-06 -0.742693E+03 -0.273696E-03  0.830890E+05
  0.284644E-02  0.791966E+05 -0.265143E-03 -0.160785E+05  0.201606E-05 -0.440047E+01
  0.153452E+04  0.285426E-03  0.271949E+03  0.102636E-03 -0.254442E+05  0.197159E-02
  0.649814E+03  0.469193E-04  0.112838E+06 -0.511498E-01  0.591803E+03 -0.125118E-03
  0.544948E-04 -0.845439E+03 -0.389467E-05  0.739071E+03  0.410544E-04 -0.828349E+05
 -0.234596E-03 -0.177885E+05 -0.135890E-01  0.321976E+06  0.119253E-02  0.446202E+01
 -0.848471E+04 -0.625590E-03 -0.226290E+04 -0.156398E-04  0.214977E+06 -0.768069E-01
  0.119542E+05  0.234596E-02  0.559000E+03 -0.506239E-02  0.317606E+06 -0.813267E-02
  0.116076E-04 -0.683048E+03 -0.244371E-06  0.594932E+03  0.265876E-03 -0.698179E+05
  0.625590E-04 -0.438808E+01 -0.303020E-04  0.432851E+01 -0.253413E-02  0.589039E+06
 2.0000
  0.733476E+05 -0.244141E-03  0.426686E+03 -0.122070E-03 -0.490598E+05 -0.509033E-01
 -0.381193E+05 -0.267029E-02  0.189480E+04  0.237703E-03 -0.354441E+05  0.164795E-02
  0.316620E-03  0.680153E+05  0.118256E-03  0.125069E+05  0.898438E-01  0.680152E+07
  0.152588E-04 -0.826169E+03  0.283122E-06  0.832959E+03 -0.475533E-04 -0.197033E+03
  0.504654E+03 -0.128174E-02  0.308502E+06  0.366211E-01 -0.308496E+08  0.234253E+00
 -0.227167E+04  0.127316E-03  0.606933E+02  0.267327E-03 -0.200620E+04  0.564575E-03
 -0.122070E-03  0.142798E+05 -0.610352E-02  0.126657E+07  0.117188E+02  0.142799E+07
 -0.152588E-03  0.728203E+03 -0.389665E-05 -0.741510E+03  0.662319E-04  0.177065E+03
 -0.590635E+05 -0.917969E-01 -0.308497E+08  0.431250E+01  0.308619E+10  0.105000E+02
  0.185949E+06 -0.317383E-02 -0.408695E+04  0.809097E-02  0.161687E+06  0.100098E-01
 -0.888672E-01  0.680151E+07 -0.532227E-01  0.125071E+07  0.553125E+01  0.682971E+09
 -0.805664E-02 -0.846875E+05  0.125885E-03  0.853380E+05 -0.113204E-01 -0.168119E+05
 -0.378000E+05 -0.549316E-03 -0.195659E+04  0.302124E-02  0.154903E+06 -0.291814E+00
  0.827144E+05 -0.387573E-02 -0.620176E+03  0.121975E-02  0.191690E+05  0.366211E-03
 -0.389814E-04 -0.828984E+03 -0.166893E-05  0.723536E+03  0.228882E-03 -0.850188E+05
 -0.579834E-03  0.732715E+05  0.148058E-03 -0.100248E+05 -0.336170E-03  0.419183E+01
  0.212162E+04 -0.324249E-04  0.465523E+02  0.209808E-03 -0.249951E+04 -0.522518E-02
 -0.698857E+03  0.160217E-02  0.113673E+06  0.467682E-01 -0.649992E+03 -0.610352E-04
 -0.163436E-03  0.855982E+03  0.000000E+00 -0.751918E+03 -0.213623E-03  0.877337E+05
  0.305176E-04 -0.116045E+05 -0.101471E-02  0.316935E+06  0.471115E-03 -0.429065E+01
 -0.357463E+05  0.225830E-02 -0.190258E+04 -0.175476E-02  0.151450E+06  0.157847E-01
  0.203821E+05  0.854492E-03 -0.586524E+03 -0.232029E-02  0.326061E+06  0.146484E-02
  0.288486E-04 -0.223236E+03  0.238419E-06  0.200942E+03 -0.381470E-04 -0.194473E+05
 -0.610352E-04  0.408588E+01  0.953674E-05 -0.410588E+01 -0.154018E-03  0.595158E+06
